TITLE     = "VTK Data"
VARIABLES = "X"
"Velocity_X"
ZONE T="Slice: Y=15.1 (region 1)"
 STRANDID=404, SOLUTIONTIME=772
 I=207, J=1, K=1, ZONETYPE=Ordered
 DATAPACKING=POINT
 DT=(SINGLE SINGLE )
 3.629372406E+01 1.979981232E+02
 3.629375839E+01 1.935935516E+02
 3.629383469E+01 1.827122192E+02
 3.623271942E+01 1.756885986E+02
 3.619753265E+01 1.716625214E+02
 3.611651611E+01 1.721422424E+02
 3.608642960E+01 1.723315887E+02
 3.599491119E+01 1.707207031E+02
 3.596725845E+01 1.702436066E+02
 3.586961365E+01 1.725690002E+02
 3.584146500E+01 1.731977386E+02
 3.573984528E+01 1.748627930E+02
 3.572504044E+01 1.750892487E+02
 3.568153381E+01 1.764752197E+02
 3.561778641E+01 1.784875793E+02
 3.559383392E+01 1.791606598E+02
 3.550910950E+01 1.816682434E+02
 3.546107864E+01 1.833193665E+02
 3.537453079E+01 1.859714661E+02
 3.532323074E+01 1.876132965E+02
 3.524505615E+01 1.901458740E+02
 3.518769455E+01 1.921520996E+02
 3.513199615E+01 1.941126556E+02
 3.504788208E+01 1.971253204E+02
 3.498734283E+01 1.992905731E+02
 3.489609146E+01 2.024224701E+02
 3.482487869E+01 2.048518066E+02
 3.478855133E+01 2.061321411E+02
 3.467145920E+01 2.103144226E+02
 3.452019882E+01 2.156840668E+02
 3.450126648E+01 2.163576508E+02
 3.449034119E+01 2.167415619E+02
 3.431630707E+01 2.229769745E+02
 3.428602982E+01 2.239756470E+02
 3.415790176E+01 2.281874390E+02
 3.410009766E+01 2.301392822E+02
 3.399477768E+01 2.336376495E+02
 3.391021729E+01 2.363527374E+02
 3.377599716E+01 2.405273590E+02
 3.370053482E+01 2.424055939E+02
 3.354513550E+01 2.462175598E+02
 3.340416718E+01 2.490346222E+02
 3.328464890E+01 2.517576904E+02
 3.309924316E+01 2.550030365E+02
 3.307817078E+01 2.553770294E+02
 3.306332016E+01 2.555003967E+02
 3.287279129E+01 2.576327820E+02
 3.276203918E+01 2.585524292E+02
 3.266751862E+01 2.594526978E+02
 3.250220490E+01 2.601618042E+02
 3.245967865E+01 2.603423767E+02
 3.227441406E+01 2.602542114E+02
 3.224703979E+01 2.602716980E+02
 3.204910278E+01 2.599359131E+02
 3.201280975E+01 2.599102478E+02
 3.188800049E+01 2.592708435E+02
 3.184568596E+01 2.590602417E+02
 3.183066177E+01 2.589354553E+02
 3.168815231E+01 2.579626160E+02
 3.162530327E+01 2.574533386E+02
 3.154797745E+01 2.567334900E+02
 3.146395302E+01 2.555310059E+02
 3.135774231E+01 2.542932739E+02
 3.129521751E+01 2.534992828E+02
 3.121748352E+01 2.525042877E+02
 3.116218758E+01 2.517453003E+02
 3.106101418E+01 2.497941895E+02
 3.102150917E+01 2.491119537E+02
 3.091061783E+01 2.467934875E+02
 3.086371040E+01 2.458204956E+02
 3.077301979E+01 2.438011475E+02
 3.070662498E+01 2.422718506E+02
 3.064733696E+01 2.406641388E+02
 3.056542206E+01 2.384172211E+02
 3.052772903E+01 2.372482605E+02
 3.043258095E+01 2.342728882E+02
 3.041148949E+01 2.334906311E+02
 3.031400490E+01 2.298589325E+02
 3.030512810E+01 2.294678345E+02
 3.028821373E+01 2.287209930E+02
 3.023383904E+01 2.263184967E+02
 3.020520020E+01 2.250468750E+02
 3.016750717E+01 2.229047699E+02
 3.011475182E+01 2.199029236E+02
 3.010577011E+01 2.191970367E+02
 3.008081245E+01 2.172373047E+02
 3.005060005E+01 2.148616791E+02
 3.003973198E+01 2.140057983E+02
 3.000131035E+01 2.095067139E+02
 2.997772408E+01 2.067464600E+02
 2.995689964E+01 2.029085083E+02
 2.992669678E+01 1.973582764E+02
 2.991749191E+01 1.945886230E+02
 2.988508224E+01 1.848728180E+02
 2.988311195E+01 1.838966980E+02
 2.987055779E+01 1.777041779E+02
 2.985419083E+01 1.696239777E+02
 2.985161972E+01 1.683600311E+02
 2.983031273E+01 1.512351685E+02
 2.982538605E+01 1.472905273E+02
 2.981118011E+01 1.292882080E+02
 2.980577469E+01 1.224682617E+02
 2.980152702E+01 1.147514420E+02
 2.979246902E+01 9.820435333E+01
 2.978975677E+01 9.237303162E+01
 2.978514862E+01 8.239448547E+01
 2.978430748E+01 8.206066132E+01
 2.978299904E+01 8.150017548E+01
 2.978379822E+01 8.888106537E+01
 2.978430939E+01 9.357647705E+01
 2.978756142E+01 1.085316086E+02
 2.978943253E+01 1.171091995E+02
 2.979652977E+01 1.404325867E+02
 2.979979897E+01 1.511503296E+02
 2.981263161E+01 1.806610107E+02
 2.981647301E+01 1.894787750E+02
 2.983782387E+01 2.217749786E+02
 2.984021759E+01 2.253912506E+02
 2.985771751E+01 2.418449402E+02
 2.987177467E+01 2.550655518E+02
 2.987537193E+01 2.570283508E+02
 2.991205025E+01 2.770195923E+02
 2.993038559E+01 2.822091675E+02
 2.996224213E+01 2.912184143E+02
 3.000891685E+01 2.969409485E+02
 3.002389336E+01 2.987768860E+02
 3.005776405E+01 2.999635925E+02
 3.009885406E+01 3.013918457E+02
 3.013275528E+01 3.012307739E+02
 3.018958282E+01 3.009650879E+02
 3.025861359E+01 3.001761169E+02
 3.029895782E+01 2.997033691E+02
 3.038686180E+01 2.987962646E+02
 3.041802216E+01 2.984714661E+02
 3.050116348E+01 2.977885132E+02
 3.055145073E+01 2.973827209E+02
 3.061904716E+01 2.970220947E+02
 3.069319725E+01 2.965493774E+02
 3.073983574E+01 2.962961426E+02
 3.084481239E+01 2.957400818E+02
 3.086787415E+01 2.956203308E+02
 3.099361801E+01 2.949906006E+02
 3.100214195E+01 2.949431458E+02
 3.115446472E+01 2.941091309E+02
 3.116476440E+01 2.940906982E+02
 3.118198013E+01 2.941144409E+02
 3.130994034E+01 2.941151123E+02
 3.141033745E+01 2.946342468E+02
 3.141970825E+01 2.946913147E+02
 3.154275703E+01 2.952633972E+02
 3.154893684E+01 2.952837219E+02
 3.156573868E+01 2.953529358E+02
 3.171833992E+01 2.959544067E+02
 3.177639961E+01 2.965045471E+02
 3.192856216E+01 2.979786987E+02
 3.193131828E+01 2.980057068E+02
 3.205755997E+01 2.992778625E+02
 3.220373535E+01 3.005390625E+02
 3.223150635E+01 3.007602234E+02
 3.238607407E+01 3.022303467E+02
 3.243300629E+01 3.026697083E+02
 3.243970490E+01 3.027327576E+02
 3.265293503E+01 3.039256897E+02
 3.266791534E+01 3.040108337E+02
 3.272961044E+01 3.037715759E+02
 3.292049789E+01 3.030025940E+02
 3.296751404E+01 3.027634888E+02
 3.311289215E+01 3.024230957E+02
 3.322243118E+01 3.021883850E+02
 3.325822449E+01 3.020946960E+02
 3.348784256E+01 3.010634460E+02
 3.354920197E+01 3.006248474E+02
 3.377894211E+01 2.995781860E+02
 3.382581329E+01 2.993406677E+02
 3.383830261E+01 2.992411804E+02
 3.390295029E+01 2.988589783E+02
 3.407706451E+01 2.979410095E+02
 3.411331558E+01 2.975339966E+02
 3.429211807E+01 2.940037231E+02
 3.435096741E+01 2.927147217E+02
 3.449075699E+01 2.882774048E+02
 3.457089615E+01 2.855502930E+02
 3.468918610E+01 2.809025574E+02
 3.477141571E+01 2.776239014E+02
 3.489751053E+01 2.730553589E+02
 3.495684814E+01 2.709287415E+02
 3.513519287E+01 2.660376282E+02
 3.514523315E+01 2.657454529E+02
 3.515718842E+01 2.654868774E+02
 3.531016159E+01 2.626370544E+02
 3.535794449E+01 2.620261536E+02
 3.544897079E+01 2.615651245E+02
 3.555853271E+01 2.615680847E+02
 3.557143021E+01 2.615972290E+02
 3.559038544E+01 2.618633728E+02
 3.569585419E+01 2.628761292E+02
 3.574710083E+01 2.640494995E+02
 3.580302048E+01 2.643888550E+02
 3.585745621E+01 2.643221130E+02
 3.592185593E+01 2.644537354E+02
 3.598052216E+01 2.645625305E+02
 3.604472733E+01 2.600627441E+02
 3.609534836E+01 2.565348511E+02
 3.616318130E+01 2.491184540E+02
 3.620198059E+01 2.448807373E+02
 3.627399826E+01 2.080889893E+02
 3.629372406E+01 1.979981232E+02
