TITLE     = "VTK Data"
VARIABLES = "X"
"Velocity_X"
ZONE T="Slice: Y=9.093 (region 3)"
 STRANDID=367, SOLUTIONTIME=772
 I=306, J=1, K=1, ZONETYPE=Ordered
 DATAPACKING=POINT
 DT=(SINGLE SINGLE )
 3.429756546E+01 2.066666565E+02
 3.429741287E+01 1.968792114E+02
 3.429718399E+01 1.843147125E+02
 3.410560226E+01 1.774638519E+02
 3.409280014E+01 1.770481873E+02
 3.408655930E+01 1.771273804E+02
 3.387198639E+01 1.795894775E+02
 3.378946304E+01 1.795295105E+02
 3.363394165E+01 1.807328949E+02
 3.357666779E+01 1.821396332E+02
 3.345854187E+01 1.847349548E+02
 3.342222214E+01 1.854757233E+02
 3.331825638E+01 1.879482880E+02
 3.330350494E+01 1.882785187E+02
 3.321513748E+01 1.903656158E+02
 3.319997025E+01 1.907164001E+02
 3.319678497E+01 1.907895050E+02
 3.310749817E+01 1.927242126E+02
 3.302628708E+01 1.944410095E+02
 3.301586533E+01 1.946618195E+02
 3.292435455E+01 1.964948883E+02
 3.291182327E+01 1.967424316E+02
 3.291080475E+01 1.967636566E+02
 3.290642929E+01 1.968624115E+02
 3.282183075E+01 1.987287445E+02
 3.280043411E+01 1.992047882E+02
 3.271350861E+01 2.012862396E+02
 3.269399261E+01 2.017389221E+02
 3.268815613E+01 2.018711090E+02
 3.256722260E+01 2.046846924E+02
 3.256145477E+01 2.048265533E+02
 3.253647614E+01 2.054717255E+02
 3.243613052E+01 2.079898987E+02
 3.240506744E+01 2.088097839E+02
 3.229866028E+01 2.116419830E+02
 3.214686203E+01 2.160643463E+02
 3.214536667E+01 2.161055145E+02
 3.214424133E+01 2.161387329E+02
 3.205578232E+01 2.187928925E+02
 3.202732849E+01 2.196459808E+02
 3.202517319E+01 2.197155151E+02
 3.192757225E+01 2.228315277E+02
 3.190663147E+01 2.234658356E+02
 3.173002815E+01 2.290504913E+02
 3.167974091E+01 2.306597137E+02
 3.154552460E+01 2.351676941E+02
 3.145478439E+01 2.381969147E+02
 3.141155243E+01 2.395900269E+02
 3.122333908E+01 2.450064240E+02
 3.102177620E+01 2.502102814E+02
 3.093889236E+01 2.522441711E+02
 3.067225838E+01 2.585315552E+02
 3.065959167E+01 2.587976074E+02
 3.039590073E+01 2.634667969E+02
 3.036369896E+01 2.640330200E+02
 3.036247635E+01 2.640520020E+02
 3.034151649E+01 2.643126221E+02
 3.008807564E+01 2.674245605E+02
 3.007235909E+01 2.675961914E+02
 2.984561539E+01 2.696278687E+02
 2.980219460E+01 2.698815918E+02
 2.963962746E+01 2.705010071E+02
 2.956327629E+01 2.705364685E+02
 2.945491028E+01 2.704981995E+02
 2.934931183E+01 2.705568848E+02
 2.929364777E+01 2.705898438E+02
 2.916968536E+01 2.702201233E+02
 2.914720917E+01 2.701649780E+02
 2.902223015E+01 2.694074402E+02
 2.901527596E+01 2.693673096E+02
 2.901409912E+01 2.693565674E+02
 2.889187241E+01 2.679373474E+02
 2.887370300E+01 2.677399292E+02
 2.876253319E+01 2.664682312E+02
 2.874309349E+01 2.662166443E+02
 2.870066071E+01 2.655308228E+02
 2.864524460E+01 2.647651367E+02
 2.861288643E+01 2.642094421E+02
 2.854349327E+01 2.631078491E+02
 2.847311974E+01 2.618418884E+02
 2.842762566E+01 2.610346680E+02
 2.833371925E+01 2.591442261E+02
 2.829619980E+01 2.585384216E+02
 2.819423103E+01 2.567911377E+02
 2.815813065E+01 2.561038513E+02
 2.806545067E+01 2.544968719E+02
 2.803225327E+01 2.540855255E+02
 2.800566864E+01 2.536514587E+02
 2.792078590E+01 2.522632141E+02
 2.791325378E+01 2.521542053E+02
 2.790795898E+01 2.520687408E+02
 2.783652496E+01 2.512428894E+02
 2.779695320E+01 2.507015381E+02
 2.777934074E+01 2.504671326E+02
 2.775872040E+01 2.502680054E+02
 2.772522163E+01 2.499903717E+02
 2.769564438E+01 2.498114319E+02
 2.768839645E+01 2.497825623E+02
 2.767918205E+01 2.497420349E+02
 2.765029526E+01 2.497081451E+02
 2.763534164E+01 2.497060394E+02
 2.760822296E+01 2.497069702E+02
 2.759090805E+01 2.497539062E+02
 2.756727409E+01 2.498896942E+02
 2.753687859E+01 2.501429138E+02
 2.752166176E+01 2.503084869E+02
 2.750509834E+01 2.505247650E+02
 2.748754692E+01 2.507888184E+02
 2.745743752E+01 2.512686310E+02
 2.745570183E+01 2.512984619E+02
 2.745504761E+01 2.513101196E+02
 2.741898155E+01 2.520629425E+02
 2.740990639E+01 2.522743530E+02
 2.738319397E+01 2.529736328E+02
 2.735398674E+01 2.538322754E+02
 2.734257317E+01 2.541722565E+02
 2.732390213E+01 2.547574158E+02
 2.729768181E+01 2.556460114E+02
 2.728365517E+01 2.561140137E+02
 2.725475311E+01 2.570402222E+02
 2.722984886E+01 2.578373718E+02
 2.721615410E+01 2.583307495E+02
 2.720445824E+01 2.589642944E+02
 2.717677879E+01 2.604222412E+02
 2.716188240E+01 2.618670044E+02
 2.714635468E+01 2.636117554E+02
 2.712455368E+01 2.668967285E+02
 2.711961365E+01 2.677411194E+02
 2.711258316E+01 2.689841309E+02
 2.709213829E+01 2.721851501E+02
 2.706540298E+01 2.754195251E+02
 2.705824661E+01 2.761401367E+02
 2.705016518E+01 2.766066589E+02
 2.702596283E+01 2.780888672E+02
 2.700431633E+01 2.777942505E+02
 2.699267006E+01 2.775487671E+02
 2.696358490E+01 2.759172668E+02
 2.696027565E+01 2.757460938E+02
 2.695528984E+01 2.753440552E+02
 2.692219543E+01 2.726849670E+02
 2.691600990E+01 2.720563354E+02
 2.690665245E+01 2.710647278E+02
 2.686736679E+01 2.674690552E+02
 2.681786728E+01 2.623442078E+02
 2.681471443E+01 2.620605774E+02
 2.680818367E+01 2.614409790E+02
 2.676195145E+01 2.567498779E+02
 2.674832344E+01 2.553534088E+02
 2.672516251E+01 2.533662720E+02
 2.669882202E+01 2.512078094E+02
 2.665614128E+01 2.479700623E+02
 2.663242149E+01 2.463997803E+02
 2.655392647E+01 2.419719086E+02
 2.652190018E+01 2.399564972E+02
 2.651220131E+01 2.394000549E+02
 2.634254646E+01 2.307772217E+02
 2.633284950E+01 2.302732239E+02
 2.633210945E+01 2.302370453E+02
 2.633065796E+01 2.301585693E+02
 2.619516373E+01 2.222896271E+02
 2.608446312E+01 2.157155304E+02
 2.608045197E+01 2.154699097E+02
 2.607537079E+01 2.150943451E+02
 2.598480606E+01 2.081911926E+02
 2.594661713E+01 2.044878845E+02
 2.590531158E+01 2.002722931E+02
 2.585042953E+01 1.924657745E+02
 2.583967209E+01 1.909298401E+02
 2.580577660E+01 1.835039368E+02
 2.578594017E+01 1.789970551E+02
 2.578230858E+01 1.776597137E+02
 2.574266052E+01 1.626216736E+02
 2.571919441E+01 1.491903381E+02
 2.570870781E+01 1.432186584E+02
 2.569347954E+01 1.301202698E+02
 2.568335724E+01 1.211706161E+02
 2.567546463E+01 1.115452652E+02
 2.566626167E+01 1.005229111E+02
 2.566158676E+01 9.467704773E+01
 2.565708351E+01 8.925250244E+01
 2.565587044E+01 9.086228943E+01
 2.565478325E+01 9.260137939E+01
 2.565588379E+01 1.000841751E+02
 2.565712166E+01 1.081919022E+02
 2.566073990E+01 1.209558868E+02
 2.566449738E+01 1.338580780E+02
 2.567211342E+01 1.528372040E+02
 2.567876625E+01 1.690881500E+02
 2.569252205E+01 1.930142822E+02
 2.570133972E+01 2.081523743E+02
 2.572453880E+01 2.348279724E+02
 2.573325539E+01 2.447597656E+02
 2.577114677E+01 2.722644653E+02
 2.577547073E+01 2.753817139E+02
 2.579911804E+01 2.856582031E+02
 2.582913399E+01 2.986981506E+02
 2.583909416E+01 3.010988464E+02
 2.589570045E+01 3.148419189E+02
 2.593813133E+01 3.200574646E+02
 2.597698402E+01 3.249079590E+02
 2.606435585E+01 3.295563049E+02
 2.607512856E+01 3.300957031E+02
 2.608430290E+01 3.302913513E+02
 2.619308090E+01 3.324931641E+02
 2.631925774E+01 3.319002075E+02
 2.632864952E+01 3.317867126E+02
 2.633643723E+01 3.316788940E+02
 2.646878052E+01 3.303684692E+02
 2.648969078E+01 3.304086914E+02
 2.659644890E+01 3.297257996E+02
 2.659763718E+01 3.297168579E+02
 2.659984970E+01 3.297010193E+02
 2.669477463E+01 3.290257263E+02
 2.677389526E+01 3.291659241E+02
 2.681428146E+01 3.292789612E+02
 2.691693878E+01 3.304729309E+02
 2.694428825E+01 3.294990845E+02
 2.703292274E+01 3.267137451E+02
 2.707990074E+01 3.185549316E+02
 2.714934158E+01 3.072795715E+02
 2.724663734E+01 2.852688599E+02
 2.726593208E+01 2.806552429E+02
 2.729474640E+01 2.770429688E+02
 2.737359047E+01 2.686059570E+02
 2.743108559E+01 2.697099304E+02
 2.747663116E+01 2.701275635E+02
 2.752245712E+01 2.727867126E+02
 2.758223534E+01 2.764599609E+02
 2.764267159E+01 2.799892578E+02
 2.769412613E+01 2.830931702E+02
 2.774444389E+01 2.854434814E+02
 2.783062935E+01 2.894054871E+02
 2.790541267E+01 2.926141663E+02
 2.794359779E+01 2.941406250E+02
 2.804495049E+01 2.972810974E+02
 2.805763817E+01 2.976849060E+02
 2.808037376E+01 2.981644592E+02
 2.818666840E+01 3.002666626E+02
 2.832961464E+01 3.020463867E+02
 2.837026405E+01 3.025651855E+02
 2.838575745E+01 3.027219238E+02
 2.843967056E+01 3.032320251E+02
 2.855881119E+01 3.042733765E+02
 2.867494965E+01 3.043781738E+02
 2.870983696E+01 3.044123840E+02
 2.871959305E+01 3.044225769E+02
 2.888206482E+01 3.035063782E+02
 2.891017532E+01 3.033374634E+02
 2.908385658E+01 3.006603088E+02
 2.910194778E+01 3.003106689E+02
 2.923096466E+01 2.972661133E+02
 2.929912758E+01 2.956541138E+02
 2.931203842E+01 2.953937073E+02
 2.948930550E+01 2.916022034E+02
 2.962972260E+01 2.895919189E+02
 2.968452072E+01 2.887763062E+02
 2.973056984E+01 2.883636169E+02
 2.987274170E+01 2.873725891E+02
 2.999724007E+01 2.869100037E+02
 3.009465027E+01 2.865299072E+02
 3.024911690E+01 2.860313416E+02
 3.041249466E+01 2.851841736E+02
 3.050244713E+01 2.846858826E+02
 3.062703896E+01 2.839206848E+02
 3.081145096E+01 2.827754211E+02
 3.097082329E+01 2.817036438E+02
 3.111248970E+01 2.808540649E+02
 3.124270630E+01 2.797823181E+02
 3.140328789E+01 2.783113708E+02
 3.153970528E+01 2.766007996E+02
 3.162260056E+01 2.755396423E+02
 3.181960869E+01 2.719056091E+02
 3.186658287E+01 2.711012268E+02
 3.192167854E+01 2.700416870E+02
 3.207839966E+01 2.668526917E+02
 3.215653610E+01 2.651647644E+02
 3.231217194E+01 2.616856079E+02
 3.234580612E+01 2.609238281E+02
 3.237166214E+01 2.603288269E+02
 3.254597473E+01 2.565550537E+02
 3.256618500E+01 2.561053772E+02
 3.263821411E+01 2.546119995E+02
 3.271677780E+01 2.529871521E+02
 3.274593353E+01 2.524723816E+02
 3.286453629E+01 2.503136139E+02
 3.296348190E+01 2.487409821E+02
 3.298500824E+01 2.484001007E+02
 3.301415253E+01 2.480103302E+02
 3.308940125E+01 2.470484314E+02
 3.316073990E+01 2.463704987E+02
 3.320343781E+01 2.459208679E+02
 3.331616211E+01 2.452065735E+02
 3.334383011E+01 2.450078125E+02
 3.335044479E+01 2.449934082E+02
 3.336124420E+01 2.448959198E+02
 3.350841904E+01 2.439327698E+02
 3.367636871E+01 2.434279327E+02
 3.370061111E+01 2.433533936E+02
 3.370613098E+01 2.433124542E+02
 3.371158218E+01 2.433275146E+02
 3.378251648E+01 2.413057861E+02
 3.393736267E+01 2.371083221E+02
 3.395501328E+01 2.367061462E+02
 3.411482239E+01 2.326647186E+02
 3.422758865E+01 2.166833649E+02
 3.429756546E+01 2.066666565E+02
