TITLE     = "VTK Data"
VARIABLES = "X"
"Velocity_X"
ZONE T="Slice: Y=19.647 (region 1)"
 STRANDID=432, SOLUTIONTIME=772
 I=196, J=1, K=1, ZONETYPE=Ordered
 DATAPACKING=POINT
 DT=(SINGLE SINGLE )
 3.841401291E+01 2.067950745E+02
 3.841423035E+01 1.904015656E+02
 3.841430283E+01 1.859003296E+02
 3.838809586E+01 1.814891205E+02
 3.831859207E+01 1.727986298E+02
 3.827437973E+01 1.722151947E+02
 3.820751572E+01 1.712842407E+02
 3.815389633E+01 1.708372040E+02
 3.808832932E+01 1.703107300E+02
 3.802982712E+01 1.717852173E+02
 3.796118546E+01 1.734967041E+02
 3.790700150E+01 1.749389496E+02
 3.782844162E+01 1.771063232E+02
 3.777676010E+01 1.790633850E+02
 3.767763519E+01 1.826121216E+02
 3.762202072E+01 1.846722107E+02
 3.752552414E+01 1.884002838E+02
 3.746082687E+01 1.910121613E+02
 3.735848236E+01 1.951157074E+02
 3.729483032E+01 1.976475525E+02
 3.718214417E+01 2.021010132E+02
 3.711144257E+01 2.049610901E+02
 3.700801468E+01 2.090318146E+02
 3.690858841E+01 2.130922699E+02
 3.683476257E+01 2.161748199E+02
 3.667787170E+01 2.220161896E+02
 3.661220169E+01 2.244525452E+02
 3.643297958E+01 2.301983185E+02
 3.637165833E+01 2.322240295E+02
 3.618377686E+01 2.378049011E+02
 3.615625000E+01 2.386537933E+02
 3.604565048E+01 2.413073425E+02
 3.595658112E+01 2.434297333E+02
 3.593563843E+01 2.438431549E+02
 3.577671432E+01 2.467647400E+02
 3.573746109E+01 2.472343292E+02
 3.558790970E+01 2.492664948E+02
 3.557300186E+01 2.494051056E+02
 3.543661499E+01 2.507673187E+02
 3.537741470E+01 2.512126007E+02
 3.525441742E+01 2.523966675E+02
 3.518140793E+01 2.527990875E+02
 3.507671738E+01 2.532378998E+02
 3.501334381E+01 2.532579956E+02
 3.487254715E+01 2.532788849E+02
 3.484499741E+01 2.532330933E+02
 3.482168198E+01 2.532693939E+02
 3.467749023E+01 2.533424988E+02
 3.464151382E+01 2.531232605E+02
 3.451794052E+01 2.523585358E+02
 3.449121094E+01 2.521162720E+02
 3.436118317E+01 2.510487366E+02
 3.433309937E+01 2.508130798E+02
 3.432715988E+01 2.507667694E+02
 3.427100754E+01 2.503105774E+02
 3.419570541E+01 2.496985016E+02
 3.418704224E+01 2.495794983E+02
 3.408891678E+01 2.484515076E+02
 3.402633667E+01 2.478432159E+02
 3.398866653E+01 2.474173279E+02
 3.392731476E+01 2.464025116E+02
 3.388735199E+01 2.457465515E+02
 3.380516052E+01 2.443215637E+02
 3.375316238E+01 2.435108490E+02
 3.368439865E+01 2.422354889E+02
 3.361753082E+01 2.409147339E+02
 3.357524490E+01 2.398987122E+02
 3.349821854E+01 2.380294952E+02
 3.347203445E+01 2.372197571E+02
 3.339210129E+01 2.347406006E+02
 3.337955856E+01 2.342710419E+02
 3.335615921E+01 2.333932190E+02
 3.331508255E+01 2.318532715E+02
 3.329296494E+01 2.310229797E+02
 3.325552368E+01 2.291853638E+02
 3.321057129E+01 2.269763641E+02
 3.319999695E+01 2.262236023E+02
 3.317122269E+01 2.241759186E+02
 3.315002441E+01 2.226666412E+02
 3.314223099E+01 2.221115875E+02
 3.310562134E+01 2.180145264E+02
 3.308574295E+01 2.157917328E+02
 3.306554413E+01 2.120422058E+02
 3.303924561E+01 2.071679840E+02
 3.302993393E+01 2.042144318E+02
 3.300131607E+01 1.951593933E+02
 3.299882126E+01 1.938097076E+02
 3.298316193E+01 1.853548279E+02
 3.297248840E+01 1.795920258E+02
 3.297079849E+01 1.786807709E+02
 3.295083618E+01 1.606114960E+02
 3.294685364E+01 1.570163879E+02
 3.293346786E+01 1.374494476E+02
 3.292892456E+01 1.308249664E+02
 3.292534637E+01 1.230423813E+02
 3.291671753E+01 1.042079391E+02
 3.291438293E+01 9.775136566E+01
 3.290992737E+01 8.538715363E+01
 3.290916443E+01 8.391425323E+01
 3.290782928E+01 8.133119202E+01
 3.290851593E+01 8.758865356E+01
 3.290890121E+01 9.108852386E+01
 3.291198730E+01 1.059402161E+02
 3.291350937E+01 1.132623215E+02
 3.292036819E+01 1.374180450E+02
 3.292296982E+01 1.465669098E+02
 3.293544006E+01 1.774617767E+02
 3.293821335E+01 1.843206635E+02
 3.295898819E+01 2.179430237E+02
 3.295988846E+01 2.194026794E+02
 3.296612167E+01 2.255835266E+02
 3.298862457E+01 2.478945312E+02
 3.299473953E+01 2.513291931E+02
 3.302522659E+01 2.684535217E+02
 3.304637527E+01 2.744524231E+02
 3.307077408E+01 2.813745728E+02
 3.312029266E+01 2.874430237E+02
 3.312666702E+01 2.882238464E+02
 3.314039230E+01 2.887920837E+02
 3.319460297E+01 2.910435486E+02
 3.324193573E+01 2.914305420E+02
 3.327681732E+01 2.917091675E+02
 3.331698990E+01 2.918338318E+02
 3.337595749E+01 2.920275269E+02
 3.344093704E+01 2.922804871E+02
 3.348210526E+01 2.924540710E+02
 3.354147339E+01 2.925408020E+02
 3.360158539E+01 2.926352539E+02
 3.364544296E+01 2.927464905E+02
 3.372958755E+01 2.930482788E+02
 3.375057602E+01 2.931449890E+02
 3.382498169E+01 2.933315125E+02
 3.385311127E+01 2.934109802E+02
 3.386214828E+01 2.934107361E+02
 3.396346283E+01 2.935093079E+02
 3.402062225E+01 2.937720642E+02
 3.408343124E+01 2.942756348E+02
 3.417257690E+01 2.951744690E+02
 3.419564438E+01 2.954311829E+02
 3.427846909E+01 2.963131409E+02
 3.429598618E+01 2.964996338E+02
 3.430630875E+01 2.965896606E+02
 3.439229584E+01 2.973466797E+02
 3.444346237E+01 2.978316956E+02
 3.452888489E+01 2.986644897E+02
 3.461706543E+01 2.997755127E+02
 3.466831207E+01 3.004794006E+02
 3.474195099E+01 3.012911072E+02
 3.479882812E+01 3.019602356E+02
 3.486099625E+01 3.023396301E+02
 3.495565796E+01 3.027865601E+02
 3.500378799E+01 3.029722900E+02
 3.515164185E+01 3.038669434E+02
 3.519268417E+01 3.041433105E+02
 3.534074402E+01 3.050043335E+02
 3.538246155E+01 3.051312256E+02
 3.552799988E+01 3.055533752E+02
 3.562004471E+01 3.056990967E+02
 3.571406174E+01 3.058855591E+02
 3.578718567E+01 3.060623169E+02
 3.593611145E+01 3.063010254E+02
 3.599568176E+01 3.064070435E+02
 3.619488907E+01 3.060422668E+02
 3.620041275E+01 3.060336609E+02
 3.620202637E+01 3.060205688E+02
 3.622377014E+01 3.058375244E+02
 3.641728592E+01 3.042839966E+02
 3.643296051E+01 3.040815735E+02
 3.660292816E+01 3.006007690E+02
 3.663544846E+01 2.998096313E+02
 3.675893784E+01 2.961133728E+02
 3.689408875E+01 2.917059631E+02
 3.691062546E+01 2.912336121E+02
 3.697946930E+01 2.887792053E+02
 3.706443787E+01 2.857109375E+02
 3.707945633E+01 2.851689758E+02
 3.722483826E+01 2.797481689E+02
 3.726065063E+01 2.785097046E+02
 3.738663101E+01 2.738710327E+02
 3.743761826E+01 2.723535461E+02
 3.755723572E+01 2.690030212E+02
 3.760727692E+01 2.680911255E+02
 3.768570709E+01 2.675720520E+02
 3.773364639E+01 2.669428101E+02
 3.778320312E+01 2.674028320E+02
 3.784685898E+01 2.683657837E+02
 3.788899231E+01 2.687000122E+02
 3.797409058E+01 2.694827881E+02
 3.802388000E+01 2.701438293E+02
 3.809842682E+01 2.713478394E+02
 3.814840698E+01 2.685182495E+02
 3.821445084E+01 2.647778625E+02
 3.826860428E+01 2.580541077E+02
 3.832204056E+01 2.513320923E+02
 3.838158035E+01 2.224675293E+02
 3.841401291E+01 2.067950745E+02
