TITLE     = "VTK Data"
VARIABLES = "X"
"Velocity_X"
ZONE T="Slice: Y=17.049 (region 1)"
 STRANDID=416, SOLUTIONTIME=772
 I=202, J=1, K=1, ZONETYPE=Ordered
 DATAPACKING=POINT
 DT=(SINGLE SINGLE )
 3.720257568E+01 1.997118835E+02
 3.720277405E+01 1.835006104E+02
 3.720277786E+01 1.832239532E+02
 3.719234085E+01 1.819173126E+02
 3.710679245E+01 1.712028809E+02
 3.709287262E+01 1.713001709E+02
 3.699575424E+01 1.719225311E+02
 3.697258377E+01 1.715337830E+02
 3.687536240E+01 1.696999664E+02
 3.684829712E+01 1.703736420E+02
 3.674869919E+01 1.728680573E+02
 3.671982956E+01 1.735009766E+02
 3.663048935E+01 1.751480865E+02
 3.655573273E+01 1.776620026E+02
 3.652278900E+01 1.787695160E+02
 3.649900436E+01 1.795028687E+02
 3.641149139E+01 1.821215820E+02
 3.633297348E+01 1.849296570E+02
 3.628736496E+01 1.867087097E+02
 3.612252808E+01 1.926179810E+02
 3.611236191E+01 1.929850769E+02
 3.610116196E+01 1.933771057E+02
 3.594313431E+01 1.989522552E+02
 3.586745453E+01 2.017998657E+02
 3.579320526E+01 2.045808868E+02
 3.564677048E+01 2.100532990E+02
 3.562593079E+01 2.108164215E+02
 3.555968475E+01 2.133401184E+02
 3.543884277E+01 2.179729919E+02
 3.540450668E+01 2.192224274E+02
 3.525372314E+01 2.245305023E+02
 3.521973038E+01 2.257349396E+02
 3.520449448E+01 2.262458801E+02
 3.505966187E+01 2.310217438E+02
 3.494063950E+01 2.346531677E+02
 3.486466980E+01 2.371089172E+02
 3.473921204E+01 2.406209412E+02
 3.467850113E+01 2.422713318E+02
 3.464906311E+01 2.428766327E+02
 3.448253250E+01 2.464225922E+02
 3.438920212E+01 2.480990753E+02
 3.423091125E+01 2.509490356E+02
 3.418450546E+01 2.515484314E+02
 3.410572433E+01 2.523475037E+02
 3.399744034E+01 2.536212158E+02
 3.391913223E+01 2.544843292E+02
 3.380163193E+01 2.554221039E+02
 3.364505005E+01 2.564913025E+02
 3.361873245E+01 2.565964661E+02
 3.345851898E+01 2.565862732E+02
 3.343648529E+01 2.565901489E+02
 3.343291473E+01 2.565955811E+02
 3.323673630E+01 2.564022827E+02
 3.320040512E+01 2.563778687E+02
 3.303426361E+01 2.557704010E+02
 3.301401138E+01 2.556703491E+02
 3.286446762E+01 2.544380798E+02
 3.280653000E+01 2.539966278E+02
 3.269654083E+01 2.530624390E+02
 3.259838867E+01 2.522870941E+02
 3.258334732E+01 2.521190948E+02
 3.245671844E+01 2.504055939E+02
 3.245524979E+01 2.503845673E+02
 3.244823074E+01 2.502846680E+02
 3.232485962E+01 2.485254822E+02
 3.229707718E+01 2.481673279E+02
 3.220953751E+01 2.467923279E+02
 3.215435410E+01 2.458356018E+02
 3.209162521E+01 2.446234131E+02
 3.201241684E+01 2.430386047E+02
 3.197328949E+01 2.421138000E+02
 3.187273598E+01 2.397727203E+02
 3.185435104E+01 2.392699738E+02
 3.174482918E+01 2.362592163E+02
 3.174234009E+01 2.361753693E+02
 3.170590591E+01 2.349356842E+02
 3.163585663E+01 2.325541077E+02
 3.163107872E+01 2.323901825E+02
 3.156592941E+01 2.297335358E+02
 3.152675819E+01 2.281203461E+02
 3.150106812E+01 2.267640839E+02
 3.144231796E+01 2.236372375E+02
 3.144077110E+01 2.235552521E+02
 3.144009018E+01 2.235188141E+02
 3.138798141E+01 2.196139069E+02
 3.136824417E+01 2.181273041E+02
 3.133964920E+01 2.148437500E+02
 3.130888367E+01 2.113026581E+02
 3.129605103E+01 2.089188690E+02
 3.126004601E+01 2.022314758E+02
 3.125729942E+01 2.013789673E+02
 3.124341011E+01 1.970781555E+02
 3.122405815E+01 1.910832062E+02
 3.122022629E+01 1.898971863E+02
 3.119576073E+01 1.772051849E+02
 3.118821144E+01 1.732968445E+02
 3.117194939E+01 1.593811798E+02
 3.116311264E+01 1.518459930E+02
 3.115269279E+01 1.376408081E+02
 3.114435005E+01 1.263074265E+02
 3.113779449E+01 1.132637177E+02
 3.113160515E+01 1.009150696E+02
 3.112767029E+01 9.130271912E+01
 3.112456894E+01 8.369007111E+01
 3.112334824E+01 8.232209778E+01
 3.112244606E+01 8.127560425E+01
 3.112295341E+01 8.593478394E+01
 3.112363243E+01 9.216851807E+01
 3.112580872E+01 1.024048386E+02
 3.112847519E+01 1.149245071E+02
 3.113337898E+01 1.316201630E+02
 3.113835144E+01 1.485239868E+02
 3.114756012E+01 1.705575714E+02
 3.115427780E+01 1.866051178E+02
 3.117026329E+01 2.117346802E+02
 3.117696953E+01 2.222635040E+02
 3.120368958E+01 2.482257843E+02
 3.120711136E+01 2.515476990E+02
 3.122480583E+01 2.613944702E+02
 3.124557304E+01 2.729531555E+02
 3.125275230E+01 2.749821167E+02
 3.129349518E+01 2.865028076E+02
 3.132489204E+01 2.902261047E+02
 3.135235214E+01 2.934847107E+02
 3.141310883E+01 2.954289246E+02
 3.142393684E+01 2.957756348E+02
 3.143300629E+01 2.957421570E+02
 3.151062012E+01 2.954339600E+02
 3.160368538E+01 2.946955566E+02
 3.161519051E+01 2.946068115E+02
 3.171376419E+01 2.940578613E+02
 3.172924423E+01 2.939753418E+02
 3.182342720E+01 2.935931396E+02
 3.186202621E+01 2.934488831E+02
 3.193768120E+01 2.932647095E+02
 3.199773979E+01 2.931453552E+02
 3.205583572E+01 2.931622009E+02
 3.214051819E+01 2.931789246E+02
 3.216788101E+01 2.932237244E+02
 3.225828171E+01 2.931559753E+02
 3.228059006E+01 2.931476135E+02
 3.228767395E+01 2.931470642E+02
 3.241022873E+01 2.932641296E+02
 3.243518066E+01 2.933499146E+02
 3.254883957E+01 2.941146240E+02
 3.257995987E+01 2.942613525E+02
 3.269328690E+01 2.951367188E+02
 3.275859070E+01 2.956670837E+02
 3.285771561E+01 2.966542969E+02
 3.291520691E+01 2.971430359E+02
 3.307001495E+01 2.982124329E+02
 3.311230087E+01 2.985578308E+02
 3.316201782E+01 2.990670471E+02
 3.329726791E+01 3.003871765E+02
 3.340728760E+01 3.014700317E+02
 3.348012543E+01 3.021573486E+02
 3.363192749E+01 3.027943115E+02
 3.368062210E+01 3.030715637E+02
 3.370180511E+01 3.031568909E+02
 3.392230988E+01 3.036142578E+02
 3.393082428E+01 3.036474609E+02
 3.395995712E+01 3.036874084E+02
 3.416062927E+01 3.039995422E+02
 3.421941757E+01 3.041075134E+02
 3.439246750E+01 3.045477295E+02
 3.446035767E+01 3.047702637E+02
 3.459646225E+01 3.051625061E+02
 3.467998505E+01 3.056997375E+02
 3.484714508E+01 3.061047363E+02
 3.488212204E+01 3.059808044E+02
 3.503511810E+01 3.036335144E+02
 3.514114761E+01 3.016686707E+02
 3.525886536E+01 2.985866699E+02
 3.535861969E+01 2.955580139E+02
 3.542811203E+01 2.935464172E+02
 3.554619217E+01 2.887553101E+02
 3.560804749E+01 2.861714172E+02
 3.572759628E+01 2.811417542E+02
 3.577920914E+01 2.790465393E+02
 3.591102219E+01 2.746597290E+02
 3.594561768E+01 2.734910583E+02
 3.599335861E+01 2.720663147E+02
 3.608776474E+01 2.694389648E+02
 3.617765045E+01 2.669788513E+02
 3.621961594E+01 2.662194824E+02
 3.633795929E+01 2.640039368E+02
 3.636550522E+01 2.638218994E+02
 3.646926880E+01 2.631314087E+02
 3.648308563E+01 2.632990112E+02
 3.656937408E+01 2.639691772E+02
 3.663817978E+01 2.654794922E+02
 3.665791702E+01 2.658854675E+02
 3.675258255E+01 2.665031433E+02
 3.676568985E+01 2.666308594E+02
 3.687220001E+01 2.679585266E+02
 3.688792038E+01 2.681806641E+02
 3.699350357E+01 2.612958069E+02
 3.700343704E+01 2.606379089E+02
 3.710612106E+01 2.490004425E+02
 3.711063385E+01 2.484892731E+02
 3.711101913E+01 2.482833862E+02
 3.720257568E+01 1.997118835E+02
