TITLE     = "VTK Data"
VARIABLES = "X"
"Velocity_X"
ZONE T="Slice: Y=29.389 (region 1)"
 STRANDID=492, SOLUTIONTIME=772
 I=264, J=1, K=1, ZONETYPE=Ordered
 DATAPACKING=POINT
 DT=(SINGLE SINGLE )
 4.295643234E+01 1.450354767E+02
 4.295659256E+01 1.439165497E+02
 4.295705414E+01 1.406967010E+02
 4.294873428E+01 1.753511353E+02
 4.294190216E+01 2.037616272E+02
 4.293046570E+01 1.841612701E+02
 4.292474747E+01 1.743997650E+02
 4.291135025E+01 1.809678497E+02
 4.290638733E+01 1.833792725E+02
 4.289162445E+01 1.782188263E+02
 4.288647842E+01 1.764807434E+02
 4.287238693E+01 1.779095764E+02
 4.286486816E+01 1.785268707E+02
 4.285375977E+01 1.777808533E+02
 4.283847809E+01 1.775958099E+02
 4.283703232E+01 1.774784546E+02
 4.283558273E+01 1.775606232E+02
 4.282083511E+01 1.777153320E+02
 4.280393982E+01 1.780317078E+02
 4.279964447E+01 1.780654449E+02
 4.279676437E+01 1.780818634E+02
 4.277214050E+01 1.785926819E+02
 4.276561356E+01 1.786971588E+02
 4.274657440E+01 1.791784821E+02
 4.273805618E+01 1.793674622E+02
 4.273558426E+01 1.794514465E+02
 4.272656631E+01 1.797492523E+02
 4.270499802E+01 1.804516907E+02
 4.269850159E+01 1.806143799E+02
 4.267245483E+01 1.814221191E+02
 4.266856766E+01 1.815497894E+02
 4.266421127E+01 1.817062378E+02
 4.264120483E+01 1.826078186E+02
 4.263162231E+01 1.829804230E+02
 4.261319733E+01 1.837501831E+02
 4.260434723E+01 1.841447296E+02
 4.257124710E+01 1.856968689E+02
 4.257034302E+01 1.857360992E+02
 4.256800461E+01 1.858495026E+02
 4.253296280E+01 1.875259552E+02
 4.251749420E+01 1.882603455E+02
 4.248927307E+01 1.895919800E+02
 4.245629120E+01 1.912130585E+02
 4.244375610E+01 1.918098145E+02
 4.243671417E+01 1.921614075E+02
 4.238594818E+01 1.947393494E+02
 4.238249588E+01 1.949198914E+02
 4.235898972E+01 1.960411072E+02
 4.233932114E+01 1.969876556E+02
 4.233270264E+01 1.973618927E+02
 4.229865646E+01 1.993171387E+02
 4.228467941E+01 2.000533447E+02
 4.222974014E+01 2.030151367E+02
 4.222229385E+01 2.034176788E+02
 4.222022629E+01 2.035371857E+02
 4.215237045E+01 2.074394989E+02
 4.214717865E+01 2.077312012E+02
 4.208076477E+01 2.115143585E+02
 4.207180405E+01 2.120240326E+02
 4.199636078E+01 2.161996765E+02
 4.198723984E+01 2.167055511E+02
 4.197381210E+01 2.174468689E+02
 4.191619873E+01 2.207706604E+02
 4.186946106E+01 2.232263947E+02
 4.183415222E+01 2.250899811E+02
 4.178063583E+01 2.278959198E+02
 4.175386429E+01 2.292567291E+02
 4.165626144E+01 2.337575073E+02
 4.164279556E+01 2.343505554E+02
 4.162714005E+01 2.350318604E+02
 4.153441620E+01 2.392132416E+02
 4.148768234E+01 2.409084167E+02
 4.144195557E+01 2.425376129E+02
 4.137942505E+01 2.444468231E+02
 4.133449173E+01 2.457915802E+02
 4.131069946E+01 2.462996368E+02
 4.120879745E+01 2.489133301E+02
 4.115336990E+01 2.501402130E+02
 4.108470535E+01 2.516959381E+02
 4.103095627E+01 2.524584351E+02
 4.096981812E+01 2.531697388E+02
 4.092551041E+01 2.533258820E+02
 4.085396194E+01 2.537405243E+02
 4.080239105E+01 2.539307251E+02
 4.074782562E+01 2.541870880E+02
 4.068888855E+01 2.542221375E+02
 4.065356445E+01 2.542405548E+02
 4.060172272E+01 2.540496216E+02
 4.056889725E+01 2.538823700E+02
 4.053378296E+01 2.535838318E+02
 4.050239563E+01 2.532624817E+02
 4.046689224E+01 2.530201263E+02
 4.042908859E+01 2.525351715E+02
 4.041654968E+01 2.523609924E+02
 4.036795425E+01 2.515367737E+02
 4.035139084E+01 2.513079376E+02
 4.029162216E+01 2.502025909E+02
 4.027272034E+01 2.498639221E+02
 4.021598434E+01 2.486971436E+02
 4.018730545E+01 2.481299896E+02
 4.014497375E+01 2.470597229E+02
 4.010900497E+01 2.461237640E+02
 4.007583237E+01 2.450629730E+02
 4.003432083E+01 2.437598572E+02
 4.000848007E+01 2.428349609E+02
 3.996311188E+01 2.412309418E+02
 3.994337845E+01 2.403518677E+02
 3.989883423E+01 2.383521118E+02
 3.986492920E+01 2.365115204E+02
 3.983901215E+01 2.351156921E+02
 3.981175613E+01 2.331661530E+02
 3.978897858E+01 2.315338593E+02
 3.977811050E+01 2.303514404E+02
 3.974728012E+01 2.270462646E+02
 3.974720001E+01 2.270317688E+02
 3.974691772E+01 2.269817505E+02
 3.972035599E+01 2.222604370E+02
 3.971268463E+01 2.209167786E+02
 3.969616699E+01 2.158412018E+02
 3.968414307E+01 2.122049713E+02
 3.967471695E+01 2.070661163E+02
 3.966083145E+01 1.996217957E+02
 3.965604782E+01 1.953466644E+02
 3.964207840E+01 1.830327148E+02
 3.964013672E+01 1.802622070E+02
 3.962720871E+01 1.619966888E+02
 3.962688065E+01 1.612125854E+02
 3.962283325E+01 1.516826782E+02
 3.961653900E+01 1.368547668E+02
 3.961602020E+01 1.356484985E+02
 3.960908127E+01 1.104992828E+02
 3.960833740E+01 1.078374405E+02
 3.960788345E+01 1.056808014E+02
 3.960396576E+01 8.693224335E+01
 3.960377884E+01 8.621727753E+01
 3.960247421E+01 8.113855743E+01
 3.960321808E+01 9.272104645E+01
 3.960330582E+01 9.406655884E+01
 3.960686493E+01 1.225272980E+02
 3.960708237E+01 1.242440872E+02
 3.961207581E+01 1.510314789E+02
 3.961436462E+01 1.633055420E+02
 3.961466599E+01 1.643620605E+02
 3.962525177E+01 2.009041748E+02
 3.962759018E+01 2.055812378E+02
 3.964003754E+01 2.302997589E+02
 3.964647293E+01 2.368337708E+02
 3.965892029E+01 2.494122925E+02
 3.967271042E+01 2.562772827E+02
 3.968232346E+01 2.610578613E+02
 3.970883560E+01 2.676875305E+02
 3.971092606E+01 2.682084045E+02
 3.971670532E+01 2.689582825E+02
 3.974554443E+01 2.727153931E+02
 3.976364899E+01 2.740270996E+02
 3.978724289E+01 2.757215576E+02
 3.982497406E+01 2.773758240E+02
 3.983727646E+01 2.779197998E+02
 3.985244751E+01 2.784396362E+02
 3.989706421E+01 2.799573669E+02
 3.991734695E+01 2.805270386E+02
 3.996118546E+01 2.817917175E+02
 3.997870636E+01 2.821711121E+02
 4.003216171E+01 2.833773804E+02
 4.004283905E+01 2.835861206E+02
 4.010653305E+01 2.848383179E+02
 4.010868835E+01 2.848728333E+02
 4.012330627E+01 2.850927429E+02
 4.017664337E+01 2.858964844E+02
 4.018418503E+01 2.860078430E+02
 4.024666595E+01 2.871060791E+02
 4.025638580E+01 2.873233643E+02
 4.031772995E+01 2.884321594E+02
 4.032052231E+01 2.884851990E+02
 4.032953262E+01 2.886163330E+02
 4.038301468E+01 2.893935242E+02
 4.040295410E+01 2.896572876E+02
 4.044878006E+01 2.902269897E+02
 4.049124146E+01 2.907005615E+02
 4.054391098E+01 2.913308716E+02
 4.059743881E+01 2.920184937E+02
 4.064310837E+01 2.927572937E+02
 4.069066620E+01 2.934707031E+02
 4.074522400E+01 2.943711243E+02
 4.080588150E+01 2.955906677E+02
 4.084748840E+01 2.965535583E+02
 4.091796494E+01 2.979083557E+02
 4.096471786E+01 2.987097473E+02
 4.103919983E+01 3.000500793E+02
 4.108769608E+01 3.008859558E+02
 4.113516235E+01 3.019276733E+02
 4.120698547E+01 3.035676880E+02
 4.126792526E+01 3.052256775E+02
 4.130928421E+01 3.062712708E+02
 4.138531876E+01 3.080819702E+02
 4.143948746E+01 3.094637756E+02
 4.149286270E+01 3.095663147E+02
 4.155466080E+01 3.095006104E+02
 4.166167450E+01 3.060457458E+02
 4.166175842E+01 3.060429382E+02
 4.166181946E+01 3.060380554E+02
 4.176546478E+01 2.984125977E+02
 4.181684875E+01 2.940594177E+02
 4.186882019E+01 2.900079651E+02
 4.193012238E+01 2.864580994E+02
 4.196118164E+01 2.852696838E+02
 4.199954224E+01 2.843070374E+02
 4.204080963E+01 2.834746399E+02
 4.207006454E+01 2.828900452E+02
 4.209585571E+01 2.822664490E+02
 4.214000320E+01 2.808813171E+02
 4.220202255E+01 2.778564758E+02
 4.220506287E+01 2.776893311E+02
 4.221390533E+01 2.771195374E+02
 4.226712418E+01 2.736867981E+02
 4.228261185E+01 2.727036743E+02
 4.232678986E+01 2.701453552E+02
 4.235665131E+01 2.686178589E+02
 4.238092422E+01 2.674500122E+02
 4.242769623E+01 2.654075623E+02
 4.242942429E+01 2.653376465E+02
 4.243334961E+01 2.651889343E+02
 4.247339249E+01 2.636233521E+02
 4.248863602E+01 2.630659485E+02
 4.251251984E+01 2.622694092E+02
 4.254213333E+01 2.614333191E+02
 4.255138779E+01 2.612215271E+02
 4.255966949E+01 2.610595093E+02
 4.258769989E+01 2.604036865E+02
 4.260197067E+01 2.601701660E+02
 4.262339020E+01 2.598426208E+02
 4.263738251E+01 2.597055664E+02
 4.265454102E+01 2.595496826E+02
 4.266726685E+01 2.594235840E+02
 4.268017197E+01 2.593026733E+02
 4.269753265E+01 2.590763245E+02
 4.270266724E+01 2.590104675E+02
 4.271227264E+01 2.588932190E+02
 4.272559738E+01 2.587579956E+02
 4.273104858E+01 2.586228027E+02
 4.274886322E+01 2.583197021E+02
 4.275888062E+01 2.580128479E+02
 4.276923752E+01 2.577371216E+02
 4.278265762E+01 2.572379761E+02
 4.278699493E+01 2.570668945E+02
 4.279871368E+01 2.562994385E+02
 4.280806732E+01 2.556639252E+02
 4.281100082E+01 2.555218353E+02
 4.281984329E+01 2.553743439E+02
 4.282909012E+01 2.550942535E+02
 4.283748245E+01 2.540220337E+02
 4.284745026E+01 2.523929443E+02
 4.285237503E+01 2.522603455E+02
 4.286980820E+01 2.515518646E+02
 4.287681961E+01 2.495908203E+02
 4.288943100E+01 2.461181488E+02
 4.289787674E+01 2.472218933E+02
 4.290893173E+01 2.487237396E+02
 4.291743469E+01 2.419540558E+02
 4.292619324E+01 2.349564667E+02
 4.293587494E+01 2.446723175E+02
 4.294227600E+01 2.511246490E+02
 4.295325470E+01 1.688518219E+02
 4.295643234E+01 1.450354767E+02
