TITLE     = "VTK Data"
VARIABLES = "X"
"Velocity_X"
ZONE T="Slice: Y=11.528 (region 3)"
 STRANDID=382, SOLUTIONTIME=772
 I=288, J=1, K=1, ZONETYPE=Ordered
 DATAPACKING=POINT
 DT=(SINGLE SINGLE )
 3.468520737E+01 1.346159515E+02
 3.468518829E+01 1.363898010E+02
 3.468502045E+01 1.549609070E+02
 3.466935730E+01 1.787206573E+02
 3.466347504E+01 1.858646088E+02
 3.464938354E+01 1.761732025E+02
 3.463737106E+01 1.671358185E+02
 3.463282394E+01 1.672801971E+02
 3.460908127E+01 1.670098419E+02
 3.459705734E+01 1.657057190E+02
 3.457400894E+01 1.640173645E+02
 3.456172943E+01 1.639130859E+02
 3.453390884E+01 1.636367798E+02
 3.452591324E+01 1.635782318E+02
 3.449060822E+01 1.635070648E+02
 3.449031830E+01 1.635094299E+02
 3.448913956E+01 1.635230560E+02
 3.445372772E+01 1.638784027E+02
 3.444750977E+01 1.639689636E+02
 3.443116760E+01 1.642748260E+02
 3.440854645E+01 1.646624298E+02
 3.440055466E+01 1.647697144E+02
 3.436142731E+01 1.657146301E+02
 3.436124802E+01 1.657202148E+02
 3.436098480E+01 1.657281799E+02
 3.431979370E+01 1.669108276E+02
 3.428626633E+01 1.678464203E+02
 3.427264786E+01 1.682488556E+02
 3.425320053E+01 1.688402405E+02
 3.422524261E+01 1.696664276E+02
 3.418430328E+01 1.710442810E+02
 3.417076111E+01 1.714817505E+02
 3.416643143E+01 1.716523895E+02
 3.415366745E+01 1.721179504E+02
 3.410714722E+01 1.737664642E+02
 3.408271790E+01 1.746129456E+02
 3.405447006E+01 1.756243286E+02
 3.400622559E+01 1.775637207E+02
 3.399785995E+01 1.779069824E+02
 3.399259567E+01 1.781025696E+02
 3.393501663E+01 1.802731628E+02
 3.387928391E+01 1.823131561E+02
 3.386867523E+01 1.826986847E+02
 3.385191345E+01 1.833461151E+02
 3.379924011E+01 1.853756714E+02
 3.377743149E+01 1.861848755E+02
 3.369560242E+01 1.892337036E+02
 3.368978882E+01 1.894561157E+02
 3.367596054E+01 1.899450073E+02
 3.359679031E+01 1.927139435E+02
 3.356443024E+01 1.938418427E+02
 3.349255371E+01 1.962821350E+02
 3.345760345E+01 1.974169159E+02
 3.339725876E+01 1.993339081E+02
 3.330256271E+01 2.024350891E+02
 3.327761841E+01 2.032646637E+02
 3.326236343E+01 2.037555084E+02
 3.315280151E+01 2.070694885E+02
 3.310943985E+01 2.084143372E+02
 3.304577637E+01 2.104983978E+02
 3.291727448E+01 2.145567474E+02
 3.290447998E+01 2.149580841E+02
 3.289823532E+01 2.151774597E+02
 3.272784805E+01 2.208573761E+02
 3.271457672E+01 2.213267517E+02
 3.256838226E+01 2.264148865E+02
 3.254619598E+01 2.271620483E+02
 3.240425491E+01 2.319985504E+02
 3.238523483E+01 2.326138153E+02
 3.221637726E+01 2.382687073E+02
 3.218356705E+01 2.393359222E+02
 3.201578140E+01 2.449591827E+02
 3.194279099E+01 2.472819824E+02
 3.181689262E+01 2.515055237E+02
 3.168705750E+01 2.552277832E+02
 3.160530853E+01 2.576427002E+02
 3.139922714E+01 2.626193237E+02
 3.137923431E+01 2.631090393E+02
 3.130413055E+01 2.644772339E+02
 3.116480064E+01 2.669105225E+02
 3.111358643E+01 2.673974304E+02
 3.094826889E+01 2.688899841E+02
 3.075545120E+01 2.700166016E+02
 3.074263000E+01 2.700863953E+02
 3.054746819E+01 2.702972412E+02
 3.044904518E+01 2.703347168E+02
 3.037200356E+01 2.699531555E+02
 3.025872231E+01 2.687907410E+02
 3.019088173E+01 2.680460205E+02
 3.000831985E+01 2.661531067E+02
 2.999237442E+01 2.659979553E+02
 2.998712921E+01 2.659375916E+02
 2.992035866E+01 2.649190979E+02
 2.976568794E+01 2.626019897E+02
 2.975445747E+01 2.624307556E+02
 2.973481750E+01 2.621249084E+02
 2.954499435E+01 2.592436523E+02
 2.940827560E+01 2.568642273E+02
 2.940209198E+01 2.567601624E+02
 2.939547539E+01 2.566162109E+02
 2.925824738E+01 2.535320282E+02
 2.917325783E+01 2.516725464E+02
 2.910432625E+01 2.501490173E+02
 2.901337051E+01 2.479136505E+02
 2.895930862E+01 2.465301514E+02
 2.886876106E+01 2.441925812E+02
 2.879970169E+01 2.424297180E+02
 2.873081207E+01 2.405696106E+02
 2.863739777E+01 2.380613556E+02
 2.859913254E+01 2.370086212E+02
 2.847312164E+01 2.335600739E+02
 2.847091866E+01 2.334980164E+02
 2.846253395E+01 2.332585907E+02
 2.834466362E+01 2.299003296E+02
 2.831445503E+01 2.290380554E+02
 2.821689034E+01 2.261415863E+02
 2.816360092E+01 2.245971375E+02
 2.808983231E+01 2.223518829E+02
 2.802198029E+01 2.203202515E+02
 2.796687698E+01 2.183799744E+02
 2.789555931E+01 2.159353790E+02
 2.780554771E+01 2.125173492E+02
 2.777914619E+01 2.115377045E+02
 2.775894547E+01 2.106268768E+02
 2.768240929E+01 2.069863434E+02
 2.761345291E+01 2.028028717E+02
 2.760212708E+01 2.020786591E+02
 2.759749222E+01 2.016602020E+02
 2.758176994E+01 2.002263489E+02
 2.754627609E+01 1.968486786E+02
 2.753578758E+01 1.958271942E+02
 2.750086594E+01 1.903009033E+02
 2.748124313E+01 1.875386353E+02
 2.746065521E+01 1.823686371E+02
 2.743672371E+01 1.765586243E+02
 2.742568779E+01 1.719744720E+02
 2.740094566E+01 1.618617859E+02
 2.739595604E+01 1.584022980E+02
 2.737292671E+01 1.426087646E+02
 2.737143898E+01 1.409685211E+02
 2.735496902E+01 1.229211884E+02
 2.735227585E+01 1.199682999E+02
 2.735203171E+01 1.197027817E+02
 2.735184097E+01 1.193923645E+02
 2.733792496E+01 9.678002167E+01
 2.733735085E+01 9.564808655E+01
 2.733028603E+01 8.177108765E+01
 2.733007240E+01 8.164253235E+01
 2.732824135E+01 8.072229767E+01
 2.732973099E+01 9.070649719E+01
 2.732990265E+01 9.180894470E+01
 2.733511162E+01 1.116865845E+02
 2.733553505E+01 1.132763290E+02
 2.734644890E+01 1.439069366E+02
 2.734668350E+01 1.445567017E+02
 2.735095215E+01 1.531446533E+02
 2.736455345E+01 1.805346222E+02
 2.736638260E+01 1.830367737E+02
 2.739005852E+01 2.152042542E+02
 2.739733696E+01 2.215451660E+02
 2.742405319E+01 2.447162476E+02
 2.744230843E+01 2.543460236E+02
 2.746753883E+01 2.676311646E+02
 2.750610352E+01 2.791542969E+02
 2.752179527E+01 2.838594055E+02
 2.756956100E+01 2.913442688E+02
 2.758845901E+01 2.942815857E+02
 2.759953308E+01 2.950512390E+02
 2.766954231E+01 3.001115417E+02
 2.775037575E+01 3.017601624E+02
 2.776760483E+01 3.021572266E+02
 2.778887939E+01 3.020396729E+02
 2.788582611E+01 3.013656616E+02
 2.795240593E+01 2.996448364E+02
 2.801410484E+01 2.981847534E+02
 2.807476807E+01 2.967238770E+02
 2.815775871E+01 2.951775818E+02
 2.820128822E+01 2.948494873E+02
 2.831062889E+01 2.945052795E+02
 2.833163071E+01 2.946899109E+02
 2.846544456E+01 2.961015930E+02
 2.846612358E+01 2.961155701E+02
 2.847206497E+01 2.962430420E+02
 2.858630943E+01 2.986733398E+02
 2.860204506E+01 2.989645996E+02
 2.869383621E+01 3.005526428E+02
 2.881995010E+01 3.025177307E+02
 2.882401276E+01 3.025656738E+02
 2.896622276E+01 3.038453674E+02
 2.902084351E+01 3.042702026E+02
 2.916153526E+01 3.050738831E+02
 2.922003174E+01 3.054352112E+02
 2.934629822E+01 3.061111450E+02
 2.940342140E+01 3.063320007E+02
 2.951977348E+01 3.062589111E+02
 2.956232834E+01 3.063288879E+02
 2.959026337E+01 3.061972656E+02
 2.972394562E+01 3.049779663E+02
 2.985753441E+01 3.032716675E+02
 2.990889931E+01 3.024227295E+02
 3.007649994E+01 2.996376343E+02
 3.011410141E+01 2.990980530E+02
 3.029934692E+01 2.968273621E+02
 3.035125542E+01 2.965215149E+02
 3.052866554E+01 2.956796570E+02
 3.062055397E+01 2.957732239E+02
 3.074707985E+01 2.960195312E+02
 3.090180206E+01 2.965604553E+02
 3.096580887E+01 2.967549438E+02
 3.102216911E+01 2.967474976E+02
 3.118091965E+01 2.966397400E+02
 3.130870438E+01 2.955162048E+02
 3.140602112E+01 2.948903809E+02
 3.153483391E+01 2.937159424E+02
 3.161844444E+01 2.929883423E+02
 3.173281670E+01 2.920820923E+02
 3.183260345E+01 2.912236633E+02
 3.191095352E+01 2.905895996E+02
 3.203578949E+01 2.895212097E+02
 3.223342133E+01 2.879895020E+02
 3.224557877E+01 2.878925476E+02
 3.225936127E+01 2.877709045E+02
 3.242294693E+01 2.863204346E+02
 3.249395370E+01 2.849554138E+02
 3.260408020E+01 2.830781860E+02
 3.275851822E+01 2.792910156E+02
 3.277671051E+01 2.788382568E+02
 3.279802704E+01 2.782550964E+02
 3.293452454E+01 2.744488831E+02
 3.305538177E+01 2.708559265E+02
 3.306738281E+01 2.705078430E+02
 3.308211136E+01 2.701080933E+02
 3.317226028E+01 2.676181030E+02
 3.324687958E+01 2.656276550E+02
 3.326827240E+01 2.650234070E+02
 3.336954880E+01 2.624267273E+02
 3.337528992E+01 2.622788086E+02
 3.337668228E+01 2.622493286E+02
 3.347928619E+01 2.601203308E+02
 3.352578735E+01 2.593698425E+02
 3.357070541E+01 2.586439209E+02
 3.362765884E+01 2.579636536E+02
 3.364613724E+01 2.577817383E+02
 3.369296265E+01 2.574219666E+02
 3.375260162E+01 2.570617065E+02
 3.376960754E+01 2.569948425E+02
 3.378436279E+01 2.570099487E+02
 3.384167099E+01 2.570859985E+02
 3.386134338E+01 2.571890259E+02
 3.389700317E+01 2.574963989E+02
 3.392683029E+01 2.577408752E+02
 3.396816635E+01 2.581965942E+02
 3.398744583E+01 2.584150696E+02
 3.399830627E+01 2.585584717E+02
 3.405082321E+01 2.592451477E+02
 3.409195709E+01 2.598986511E+02
 3.411186218E+01 2.602229004E+02
 3.414411545E+01 2.607588806E+02
 3.416723633E+01 2.611315002E+02
 3.418173599E+01 2.613036499E+02
 3.421970367E+01 2.617606812E+02
 3.426322556E+01 2.620762939E+02
 3.426807404E+01 2.621083984E+02
 3.427311325E+01 2.621062317E+02
 3.431356430E+01 2.621357727E+02
 3.434597397E+01 2.618389282E+02
 3.435538864E+01 2.617105408E+02
 3.436749268E+01 2.613943176E+02
 3.439455795E+01 2.607337341E+02
 3.441333771E+01 2.600267029E+02
 3.443105316E+01 2.593148499E+02
 3.445890808E+01 2.578214111E+02
 3.446519852E+01 2.574966431E+02
 3.446867371E+01 2.572721252E+02
 3.449831009E+01 2.549422607E+02
 3.451461411E+01 2.533768768E+02
 3.452974319E+01 2.519811707E+02
 3.455301666E+01 2.496458130E+02
 3.456019592E+01 2.484426880E+02
 3.458661270E+01 2.431971588E+02
 3.459058762E+01 2.427445526E+02
 3.461626816E+01 2.399722595E+02
 3.462166595E+01 2.372871246E+02
 3.464234161E+01 2.255063171E+02
 3.465397644E+01 2.273399200E+02
 3.466559601E+01 2.301668854E+02
 3.468270493E+01 1.460844574E+02
 3.468520737E+01 1.346159515E+02
