TITLE     = "VTK Data"
VARIABLES = "X"
"Velocity_X"
ZONE T="Slice: Y=8.281 (region 1)"
 STRANDID=362, SOLUTIONTIME=772
 I=299, J=1, K=1, ZONETYPE=Ordered
 DATAPACKING=POINT
 DT=(SINGLE SINGLE )
 2.592448235E+01 2.539936829E+02
 2.600346184E+01 2.487637787E+02
 2.605401802E+01 2.463364868E+02
 2.613672829E+01 2.414132233E+02
 2.613934898E+01 2.412609253E+02
 2.614059830E+01 2.411170197E+02
 2.616148186E+01 2.395605927E+02
 2.615661812E+01 2.393723297E+02
 2.610323334E+01 2.401380463E+02
 2.610220337E+01 2.401593018E+02
 2.610054398E+01 2.402030640E+02
 2.600015831E+01 2.440585480E+02
 2.590173531E+01 2.481225586E+02
 2.586220932E+01 2.497119293E+02
 2.570986938E+01 2.566770020E+02
 2.569907761E+01 2.569714661E+02
 2.553974152E+01 2.626748657E+02
 2.553382874E+01 2.627334900E+02
 2.538975143E+01 2.639645691E+02
 2.527566338E+01 2.653378601E+02
 2.518591118E+01 2.665138245E+02
 2.503993797E+01 2.690136414E+02
 2.496888161E+01 2.694654846E+02
 2.481667519E+01 2.684449768E+02
 2.477884483E+01 2.676495056E+02
 2.461198997E+01 2.642373962E+02
 2.439102936E+01 2.631485291E+02
 2.429489899E+01 2.626800842E+02
 2.420089722E+01 2.628580322E+02
 2.399164200E+01 2.636405029E+02
 2.378089142E+01 2.636281738E+02
 2.370311546E+01 2.637851868E+02
 2.362368774E+01 2.639198303E+02
 2.343425369E+01 2.641917114E+02
 2.328573036E+01 2.649517822E+02
 2.327346039E+01 2.649493103E+02
 2.312568092E+01 2.642712402E+02
 2.308087349E+01 2.642442932E+02
 2.295334244E+01 2.643081055E+02
 2.284843254E+01 2.646111145E+02
 2.279505157E+01 2.647743835E+02
 2.268190384E+01 2.646343384E+02
 2.265527344E+01 2.646002502E+02
 2.264455414E+01 2.645168762E+02
 2.253189087E+01 2.628218384E+02
 2.247607994E+01 2.621242065E+02
 2.241195488E+01 2.613730164E+02
 2.232568932E+01 2.603843079E+02
 2.229751778E+01 2.599391174E+02
 2.218000793E+01 2.573989868E+02
 2.216695213E+01 2.570902710E+02
 2.215422630E+01 2.567898560E+02
 2.206479263E+01 2.541180573E+02
 2.206138802E+01 2.540203094E+02
 2.205971718E+01 2.538869476E+02
 2.198374176E+01 2.475948334E+02
 2.195226288E+01 2.464068451E+02
 2.188340378E+01 2.434860840E+02
 2.180724525E+01 2.559038239E+02
 2.179591370E+01 2.576140747E+02
 2.178250885E+01 2.658506470E+02
 2.172203827E+01 3.059285583E+02
 2.167690086E+01 3.410914001E+02
 2.165229034E+01 3.525140076E+02
 2.160104752E+01 3.553050232E+02
 2.158690453E+01 3.530389099E+02
 2.154420853E+01 3.430970459E+02
 2.153210640E+01 3.402510986E+02
 2.151982117E+01 3.361282959E+02
 2.147974396E+01 3.222618408E+02
 2.146622276E+01 3.181355896E+02
 2.141567993E+01 3.036150818E+02
 2.139807701E+01 2.982619934E+02
 2.135660553E+01 2.856283264E+02
 2.133905983E+01 2.804898987E+02
 2.130475616E+01 2.709130249E+02
 2.129413223E+01 2.679620056E+02
 2.127062798E+01 2.619124756E+02
 2.126404953E+01 2.601900635E+02
 2.126097679E+01 2.594596558E+02
 2.123871231E+01 2.503708038E+02
 2.122527885E+01 2.449119415E+02
 2.121604919E+01 2.384001465E+02
 2.119650841E+01 2.241932831E+02
 2.119605255E+01 2.237948761E+02
 2.119491196E+01 2.227656860E+02
 2.117963409E+01 2.091300659E+02
 2.117329597E+01 2.033071289E+02
 2.116497421E+01 1.954209900E+02
 2.115456581E+01 1.852431030E+02
 2.115195465E+01 1.827183838E+02
 2.114435005E+01 1.750041351E+02
 2.114069939E+01 1.713419037E+02
 2.113938904E+01 1.699923096E+02
 2.113109589E+01 1.626182098E+02
 2.112703705E+01 1.586493835E+02
 2.112257195E+01 1.546307373E+02
 2.111698341E+01 1.493904114E+02
 2.110929108E+01 1.424145660E+02
 2.110877800E+01 1.419401550E+02
 2.110721397E+01 1.412551727E+02
 2.110203171E+01 1.389261780E+02
 2.110087395E+01 1.384472351E+02
 2.109648895E+01 1.368458099E+02
 2.109454918E+01 1.107142410E+02
 2.109193230E+01 7.518125916E+01
 2.109119415E+01 2.558877373E+01
 2.109082794E+01 5.235931277E-01
 2.109090042E+01 -2.447690725E+00
 2.109115028E+01 -1.354497051E+01
 2.109115601E+01 -1.389607430E+01
 2.109115791E+01 -1.399883556E+01
 2.109205246E+01 -1.682429886E+01
 2.109236526E+01 -1.782840347E+01
 2.109357071E+01 -1.630059433E+01
 2.109496117E+01 -1.452572727E+01
 2.109570122E+01 -1.288988686E+01
 2.109723854E+01 -9.484024048E+00
 2.109869957E+01 -6.176283836E+00
 2.109943390E+01 -4.512383461E+00
 2.110266685E+01 3.120446444E+00
 2.110624504E+01 1.164773560E+01
 2.110720253E+01 1.364312935E+01
 2.110863113E+01 1.665938759E+01
 2.111292648E+01 2.586474419E+01
 2.111599922E+01 3.253604889E+01
 2.111934662E+01 3.860031128E+01
 2.112339020E+01 4.604265594E+01
 2.112653351E+01 5.188956070E+01
 2.112936020E+01 5.723429871E+01
 2.113468361E+01 6.528256989E+01
 2.113993454E+01 7.335676575E+01
 2.114335442E+01 7.866566467E+01
 2.114718819E+01 8.471601105E+01
 2.115293503E+01 9.165894318E+01
 2.115764999E+01 9.745098877E+01
 2.116318130E+01 1.043155746E+02
 2.117066765E+01 1.137225952E+02
 2.117373085E+01 1.165057526E+02
 2.117592430E+01 1.185199280E+02
 2.118564606E+01 1.276014786E+02
 2.119483185E+01 1.362167664E+02
 2.119705582E+01 1.383682251E+02
 2.120145416E+01 1.425851288E+02
 2.120949745E+01 1.478491211E+02
 2.121383286E+01 1.506344757E+02
 2.122214508E+01 1.562860260E+02
 2.123121262E+01 1.622203827E+02
 2.123379135E+01 1.640547943E+02
 2.124237251E+01 1.697914429E+02
 2.124477196E+01 1.708569489E+02
 2.124584389E+01 1.712904816E+02
 2.125577736E+01 1.758637390E+02
 2.125904274E+01 1.772050934E+02
 2.126216125E+01 1.792705078E+02
 2.126345253E+01 1.803071899E+02
 2.126186943E+01 1.814029236E+02
 2.126008224E+01 1.814217377E+02
 2.125124359E+01 1.801526947E+02
 2.124946213E+01 1.797376709E+02
 2.124443054E+01 1.785483398E+02
 2.123400307E+01 1.740123596E+02
 2.122345734E+01 1.711177521E+02
 2.121169472E+01 1.672496185E+02
 2.119858932E+01 1.613308411E+02
 2.119057846E+01 1.551426239E+02
 2.118550110E+01 1.518702393E+02
 2.117477989E+01 1.456146698E+02
 2.115958023E+01 1.371899872E+02
 2.115794563E+01 1.358354645E+02
 2.115668297E+01 1.348295593E+02
 2.114333153E+01 1.234545441E+02
 2.112800980E+01 1.110967178E+02
 2.112768555E+01 1.108226395E+02
 2.112735748E+01 1.105605774E+02
 2.111460495E+01 9.663393402E+01
 2.110130119E+01 8.263526917E+01
 2.110091019E+01 8.213206482E+01
 2.110045624E+01 8.156536865E+01
 2.108964539E+01 6.756020355E+01
 2.108061409E+01 5.626314545E+01
 2.107512474E+01 4.793352127E+01
 2.106438637E+01 3.138578415E+01
 2.105215073E+01 1.136568069E+01
 2.105195427E+01 1.103797340E+01
 2.105181122E+01 1.080451012E+01
 2.104285240E+01 -3.865472794E+00
 2.103771019E+01 -1.052932262E+01
 2.103647614E+01 -1.209023190E+01
 2.103514671E+01 -1.246988392E+01
 2.103241158E+01 -1.326931572E+01
 2.103165054E+01 -1.118439674E+01
 2.102984810E+01 -4.944310188E+00
 2.102950096E+01 2.602092743E+01
 2.102931023E+01 4.774042130E+01
 2.103030968E+01 5.829147720E+01
 2.103342056E+01 9.699725342E+01
 2.103388977E+01 9.818380737E+01
 2.103614235E+01 1.040620422E+02
 2.103826904E+01 1.095954590E+02
 2.103868675E+01 1.106996002E+02
 2.104371071E+01 1.211437531E+02
 2.104550934E+01 1.249674530E+02
 2.105025482E+01 1.344910431E+02
 2.105438614E+01 1.429513245E+02
 2.105812836E+01 1.501565857E+02
 2.106609535E+01 1.658696594E+02
 2.106759453E+01 1.687406769E+02
 2.107244492E+01 1.781817017E+02
 2.107959938E+01 1.920059204E+02
 2.108181190E+01 1.963479309E+02
 2.109488106E+01 2.209502563E+02
 2.110302162E+01 2.363981018E+02
 2.111383247E+01 2.552518463E+02
 2.113148308E+01 2.851430969E+02
 2.113747787E+01 2.917178345E+02
 2.116204643E+01 3.124571838E+02
 2.116768646E+01 3.174528198E+02
 2.116912460E+01 3.182741089E+02
 2.120611572E+01 3.123193970E+02
 2.121695900E+01 3.079496155E+02
 2.125146103E+01 2.901585693E+02
 2.127644157E+01 2.780302429E+02
 2.130505943E+01 2.725666199E+02
 2.135048676E+01 2.676518250E+02
 2.137611198E+01 2.678445129E+02
 2.145549393E+01 2.688017883E+02
 2.148080826E+01 2.687620544E+02
 2.157114601E+01 2.680563049E+02
 2.159176826E+01 2.673885803E+02
 2.170473862E+01 2.646646118E+02
 2.171578026E+01 2.644370728E+02
 2.186702919E+01 2.631068726E+02
 2.187468147E+01 2.631018677E+02
 2.188918495E+01 2.630749512E+02
 2.201002884E+01 2.636512756E+02
 2.207003975E+01 2.628581543E+02
 2.214733887E+01 2.612915649E+02
 2.223545456E+01 2.588806458E+02
 2.235833168E+01 2.568437500E+02
 2.238743019E+01 2.563882446E+02
 2.242147636E+01 2.563225708E+02
 2.251978302E+01 2.563325500E+02
 2.260846710E+01 2.561351013E+02
 2.265362930E+01 2.558664856E+02
 2.275239944E+01 2.552263336E+02
 2.281703568E+01 2.548728485E+02
 2.288277245E+01 2.544524231E+02
 2.295092964E+01 2.539760284E+02
 2.300478363E+01 2.535688934E+02
 2.310855484E+01 2.526887970E+02
 2.314274979E+01 2.525390167E+02
 2.322995567E+01 2.517080841E+02
 2.327059555E+01 2.513398590E+02
 2.329180908E+01 2.511124115E+02
 2.339830971E+01 2.501397400E+02
 2.346393776E+01 2.501482086E+02
 2.352489471E+01 2.501282196E+02
 2.355940247E+01 2.498742981E+02
 2.363665962E+01 2.495165253E+02
 2.371953011E+01 2.486333771E+02
 2.375649261E+01 2.483557434E+02
 2.378269196E+01 2.480727539E+02
 2.389042473E+01 2.475841675E+02
 2.391958427E+01 2.474399261E+02
 2.402450180E+01 2.469610748E+02
 2.404916000E+01 2.470165863E+02
 2.418314552E+01 2.462236938E+02
 2.418377304E+01 2.462221375E+02
 2.418434715E+01 2.462195282E+02
 2.433242989E+01 2.464122162E+02
 2.435244179E+01 2.465498047E+02
 2.442147446E+01 2.472449646E+02
 2.448891258E+01 2.479604492E+02
 2.450779533E+01 2.481607208E+02
 2.462009048E+01 2.495272369E+02
 2.465281487E+01 2.499393768E+02
 2.476775932E+01 2.520519104E+02
 2.478409767E+01 2.523580933E+02
 2.485235405E+01 2.537021484E+02
 2.492095375E+01 2.551129761E+02
 2.493836784E+01 2.554125824E+02
 2.502565575E+01 2.571914368E+02
 2.508523369E+01 2.584360352E+02
 2.509788132E+01 2.588009949E+02
 2.522953224E+01 2.626053772E+02
 2.524738884E+01 2.631337891E+02
 2.536711502E+01 2.665065918E+02
 2.537216568E+01 2.665884399E+02
 2.539556313E+01 2.665281677E+02
 2.549573898E+01 2.665039062E+02
 2.551629639E+01 2.663290710E+02
 2.559978676E+01 2.652582397E+02
 2.564892578E+01 2.646398010E+02
 2.566403580E+01 2.643102112E+02
 2.577821350E+01 2.616384277E+02
 2.581555557E+01 2.599851990E+02
 2.589927483E+01 2.555464935E+02
 2.592448235E+01 2.539936829E+02
