TITLE     = "VTK Data"
VARIABLES = "X"
"Velocity_X"
ZONE T="Slice: Y=8.768 (region 3)"
 STRANDID=365, SOLUTIONTIME=772
 I=248, J=1, K=1, ZONETYPE=Ordered
 DATAPACKING=POINT
 DT=(SINGLE SINGLE )
 3.424603271E+01 2.060606079E+02
 3.424578476E+01 1.933476562E+02
 3.424561310E+01 1.846114197E+02
 3.418257523E+01 1.823705444E+02
 3.404551697E+01 1.791298828E+02
 3.386243820E+01 1.808530426E+02
 3.383531952E+01 1.810880737E+02
 3.378263092E+01 1.809754181E+02
 3.364763260E+01 1.803999023E+02
 3.359342957E+01 1.820646362E+02
 3.343878937E+01 1.861874390E+02
 3.338943481E+01 1.867205963E+02
 3.333040237E+01 1.884220886E+02
 3.322249222E+01 1.904495850E+02
 3.312534714E+01 1.927955475E+02
 3.304759979E+01 1.946080475E+02
 3.297575760E+01 1.960842743E+02
 3.289501572E+01 1.979352112E+02
 3.283946228E+01 1.991988068E+02
 3.269601440E+01 2.025457611E+02
 3.267810440E+01 2.029635773E+02
 3.267377853E+01 2.030602722E+02
 3.266658020E+01 2.032361755E+02
 3.250800323E+01 2.070093536E+02
 3.243830490E+01 2.086839600E+02
 3.231501389E+01 2.117333221E+02
 3.226320648E+01 2.130894318E+02
 3.220616531E+01 2.146532593E+02
 3.210796356E+01 2.171478119E+02
 3.199233818E+01 2.204748993E+02
 3.194960213E+01 2.216992493E+02
 3.191227531E+01 2.227858429E+02
 3.177020454E+01 2.269665222E+02
 3.163674545E+01 2.309508972E+02
 3.158005142E+01 2.327020569E+02
 3.154521370E+01 2.337993011E+02
 3.135252190E+01 2.397387848E+02
 3.133227730E+01 2.403181458E+02
 3.114449120E+01 2.452101440E+02
 3.096737480E+01 2.495686188E+02
 3.080746841E+01 2.531949463E+02
 3.058057976E+01 2.579520264E+02
 3.047922134E+01 2.598163452E+02
 3.025066566E+01 2.632343445E+02
 3.015335464E+01 2.645539856E+02
 2.995664406E+01 2.667352905E+02
 2.981543159E+01 2.679967957E+02
 2.976829147E+01 2.683042297E+02
 2.958666420E+01 2.687126465E+02
 2.955642319E+01 2.687402954E+02
 2.949647713E+01 2.687417297E+02
 2.936359787E+01 2.688457947E+02
 2.929011345E+01 2.687330933E+02
 2.920820045E+01 2.686004028E+02
 2.908207130E+01 2.680105896E+02
 2.907393646E+01 2.679707031E+02
 2.905422211E+01 2.678183289E+02
 2.894845009E+01 2.670821838E+02
 2.890122795E+01 2.666855469E+02
 2.883904839E+01 2.661360474E+02
 2.875705719E+01 2.652334900E+02
 2.875224113E+01 2.651758423E+02
 2.864994049E+01 2.637247620E+02
 2.863224030E+01 2.634670410E+02
 2.858978271E+01 2.628371582E+02
 2.851760864E+01 2.618449707E+02
 2.844194412E+01 2.607124939E+02
 2.839337921E+01 2.599988708E+02
 2.837409973E+01 2.597019958E+02
 2.832288361E+01 2.590248108E+02
 2.825510216E+01 2.581201782E+02
 2.822251129E+01 2.576439819E+02
 2.816462898E+01 2.567424622E+02
 2.812168884E+01 2.560724182E+02
 2.807187271E+01 2.554853516E+02
 2.801744652E+01 2.548957367E+02
 2.799319267E+01 2.546414490E+02
 2.794561958E+01 2.541247864E+02
 2.789583588E+01 2.535727081E+02
 2.787064362E+01 2.533043976E+02
 2.783313751E+01 2.530174408E+02
 2.779488564E+01 2.527501984E+02
 2.774861908E+01 2.525014191E+02
 2.772142410E+01 2.523331146E+02
 2.770521355E+01 2.522935944E+02
 2.764656639E+01 2.521940918E+02
 2.760462379E+01 2.522755890E+02
 2.756906319E+01 2.523420868E+02
 2.751666069E+01 2.526742096E+02
 2.748629951E+01 2.529252014E+02
 2.744454384E+01 2.534357910E+02
 2.740430832E+01 2.540514526E+02
 2.738431358E+01 2.543640747E+02
 2.733451462E+01 2.551561584E+02
 2.732499695E+01 2.553010559E+02
 2.732028770E+01 2.554004974E+02
 2.726304626E+01 2.567409058E+02
 2.721335983E+01 2.582388611E+02
 2.721133232E+01 2.583022766E+02
 2.720794106E+01 2.584321899E+02
 2.715764999E+01 2.603381042E+02
 2.713509369E+01 2.611873474E+02
 2.709771347E+01 2.628053894E+02
 2.706280136E+01 2.640859375E+02
 2.702763748E+01 2.652626953E+02
 2.700314903E+01 2.657699280E+02
 2.696530533E+01 2.658673096E+02
 2.692403603E+01 2.657239990E+02
 2.687790489E+01 2.649685669E+02
 2.683457756E+01 2.642552185E+02
 2.679508781E+01 2.630052185E+02
 2.672510910E+01 2.608167114E+02
 2.671644020E+01 2.604982605E+02
 2.670912170E+01 2.602158203E+02
 2.662786484E+01 2.573523560E+02
 2.659277725E+01 2.558354187E+02
 2.654984665E+01 2.539603577E+02
 2.644760132E+01 2.504152069E+02
 2.637524033E+01 2.473652344E+02
 2.628537750E+01 2.440891266E+02
 2.621304131E+01 2.409498596E+02
 2.613076591E+01 2.376139679E+02
 2.600008392E+01 2.312549744E+02
 2.598966980E+01 2.307447052E+02
 2.598233032E+01 2.303280487E+02
 2.587149620E+01 2.238961487E+02
 2.580427361E+01 2.187530060E+02
 2.577278519E+01 2.163310394E+02
 2.571154594E+01 2.099207764E+02
 2.569069862E+01 2.076620178E+02
 2.568430138E+01 2.066700287E+02
 2.562289810E+01 1.971279297E+02
 2.560189056E+01 1.921834106E+02
 2.556735229E+01 1.839410706E+02
 2.554111862E+01 1.745041809E+02
 2.552257729E+01 1.677128601E+02
 2.551157570E+01 1.614846191E+02
 2.548743057E+01 1.479392548E+02
 2.548184013E+01 1.430529175E+02
 2.546118164E+01 1.253047714E+02
 2.544509125E+01 1.057391891E+02
 2.544348335E+01 1.037590866E+02
 2.543453407E+01 9.244030762E+01
 2.543399811E+01 9.176068878E+01
 2.543176270E+01 9.406935883E+01
 2.543164825E+01 9.419977570E+01
 2.543176842E+01 9.494603729E+01
 2.543413925E+01 1.092702713E+02
 2.543459892E+01 1.108048706E+02
 2.544190407E+01 1.346806030E+02
 2.544325638E+01 1.379077454E+02
 2.545686340E+01 1.698252869E+02
 2.546041870E+01 1.757963715E+02
 2.548045731E+01 2.088616486E+02
 2.548876381E+01 2.181202698E+02
 2.551373482E+01 2.455046539E+02
 2.553119469E+01 2.578414307E+02
 2.555766487E+01 2.762637024E+02
 2.559156990E+01 2.907175598E+02
 2.561340523E+01 2.999020386E+02
 2.567577362E+01 3.149799194E+02
 2.568242836E+01 3.165706177E+02
 2.570317459E+01 3.191922913E+02
 2.576666069E+01 3.272702332E+02
 2.580150223E+01 3.294149780E+02
 2.586827087E+01 3.335797119E+02
 2.598807144E+01 3.367041626E+02
 2.599007225E+01 3.367536926E+02
 2.599224281E+01 3.367718201E+02
 2.613550949E+01 3.381683655E+02
 2.620821381E+01 3.378893738E+02
 2.629425049E+01 3.372631226E+02
 2.636637497E+01 3.364825134E+02
 2.646097946E+01 3.354658813E+02
 2.653026772E+01 3.350142822E+02
 2.663146210E+01 3.344869385E+02
 2.669987106E+01 3.340335999E+02
 2.678973579E+01 3.337355652E+02
 2.688468742E+01 3.270628357E+02
 2.694607544E+01 3.236484680E+02
 2.708789253E+01 2.977017212E+02
 2.710033417E+01 2.955220337E+02
 2.713203621E+01 2.902789917E+02
 2.725074387E+01 2.717527771E+02
 2.730948830E+01 2.704497375E+02
 2.739414215E+01 2.675050964E+02
 2.748748589E+01 2.722014465E+02
 2.754134750E+01 2.750716248E+02
 2.761377716E+01 2.794931946E+02
 2.770403099E+01 2.850603638E+02
 2.776228905E+01 2.877651672E+02
 2.788265228E+01 2.927162781E+02
 2.798163986E+01 2.961274414E+02
 2.809779358E+01 2.987903748E+02
 2.815022087E+01 2.997885437E+02
 2.821592903E+01 3.006256409E+02
 2.834514999E+01 3.021427307E+02
 2.845309067E+01 3.023251343E+02
 2.855184746E+01 3.026995239E+02
 2.867316437E+01 3.020441589E+02
 2.879104996E+01 3.012040405E+02
 2.887350082E+01 2.999334717E+02
 2.901424980E+01 2.982819824E+02
 2.916522598E+01 2.949741211E+02
 2.924439049E+01 2.934212036E+02
 2.932430267E+01 2.919441528E+02
 2.948645782E+01 2.888063660E+02
 2.966778564E+01 2.867170715E+02
 2.971917725E+01 2.861867981E+02
 2.978737068E+01 2.858258362E+02
 2.999080849E+01 2.846843567E+02
 3.008801270E+01 2.843074036E+02
 3.035474205E+01 2.830964355E+02
 3.046276665E+01 2.825620422E+02
 3.068349648E+01 2.811636963E+02
 3.082827187E+01 2.802233887E+02
 3.094260216E+01 2.792541199E+02
 3.116753387E+01 2.775220032E+02
 3.131509781E+01 2.761193542E+02
 3.147360420E+01 2.742511902E+02
 3.167513847E+01 2.711167908E+02
 3.173553658E+01 2.700111694E+02
 3.202280045E+01 2.640084839E+02
 3.202518463E+01 2.639588013E+02
 3.202813339E+01 2.638968201E+02
 3.227782440E+01 2.587283630E+02
 3.236228180E+01 2.569332886E+02
 3.247174454E+01 2.545613098E+02
 3.262122726E+01 2.515828705E+02
 3.265739059E+01 2.508508759E+02
 3.274312973E+01 2.493854828E+02
 3.284278870E+01 2.477056732E+02
 3.288282013E+01 2.471149902E+02
 3.301542664E+01 2.452469940E+02
 3.308840561E+01 2.444872131E+02
 3.323354721E+01 2.431354828E+02
 3.323814392E+01 2.430889740E+02
 3.324111176E+01 2.430707092E+02
 3.337652969E+01 2.420461426E+02
 3.342376709E+01 2.416457825E+02
 3.351549530E+01 2.409810638E+02
 3.363168716E+01 2.405709991E+02
 3.374629211E+01 2.376517792E+02
 3.385138321E+01 2.345800629E+02
 3.403045273E+01 2.310336609E+02
 3.405974579E+01 2.303898468E+02
 3.411201477E+01 2.235112152E+02
 3.424603271E+01 2.060606079E+02
