TITLE     = "VTK Data"
VARIABLES = "X"
"Velocity_X"
ZONE T="Slice: Y=9.255 (region 3)"
 STRANDID=368, SOLUTIONTIME=772
 I=345, J=1, K=1, ZONETYPE=Ordered
 DATAPACKING=POINT
 DT=(SINGLE SINGLE )
 3.432327271E+01 2.079002380E+02
 3.432325363E+01 2.068500366E+02
 3.432291031E+01 1.843280334E+02
 3.419696808E+01 1.783482971E+02
 3.413041687E+01 1.761874695E+02
 3.396652603E+01 1.782666931E+02
 3.393049622E+01 1.787001648E+02
 3.392014313E+01 1.786424713E+02
 3.371448898E+01 1.783612366E+02
 3.369258499E+01 1.789502869E+02
 3.366121674E+01 1.795974884E+02
 3.354028320E+01 1.825528107E+02
 3.349996948E+01 1.835127411E+02
 3.345192337E+01 1.845275269E+02
 3.338189697E+01 1.859487610E+02
 3.333313751E+01 1.869838715E+02
 3.326152802E+01 1.885609589E+02
 3.325506592E+01 1.886874695E+02
 3.316732025E+01 1.905684357E+02
 3.315538788E+01 1.907922821E+02
 3.314550781E+01 1.909735870E+02
 3.312122726E+01 1.914551392E+02
 3.305015945E+01 1.928480072E+02
 3.299526978E+01 1.938945465E+02
 3.296162415E+01 1.945487976E+02
 3.291431427E+01 1.955321960E+02
 3.288988495E+01 1.959998474E+02
 3.281824493E+01 1.975104523E+02
 3.279784775E+01 1.979620667E+02
 3.273968506E+01 1.992919159E+02
 3.270461655E+01 2.000777893E+02
 3.269119644E+01 2.003846130E+02
 3.261239624E+01 2.023062744E+02
 3.256114960E+01 2.035908051E+02
 3.250921249E+01 2.048905029E+02
 3.240076447E+01 2.078641357E+02
 3.239899826E+01 2.079131317E+02
 3.239635086E+01 2.079902802E+02
 3.227925491E+01 2.112638855E+02
 3.215972519E+01 2.148671875E+02
 3.214829636E+01 2.152177734E+02
 3.213809204E+01 2.155570526E+02
 3.201631927E+01 2.194171143E+02
 3.188082504E+01 2.241006012E+02
 3.187083626E+01 2.244357147E+02
 3.186038208E+01 2.247698822E+02
 3.169513512E+01 2.300281525E+02
 3.154093552E+01 2.354210510E+02
 3.148065758E+01 2.374333496E+02
 3.135138702E+01 2.415989990E+02
 3.125243759E+01 2.447466583E+02
 3.121336746E+01 2.459172974E+02
 3.099635506E+01 2.514259491E+02
 3.087677574E+01 2.542069855E+02
 3.072747231E+01 2.576502380E+02
 3.056166840E+01 2.609472046E+02
 3.044422150E+01 2.630123291E+02
 3.026570129E+01 2.657793579E+02
 3.016241455E+01 2.670636902E+02
 3.000001717E+01 2.687582703E+02
 2.989838600E+01 2.696993408E+02
 2.976797867E+01 2.706664124E+02
 2.966261673E+01 2.710997925E+02
 2.956698799E+01 2.712671509E+02
 2.945549583E+01 2.712872314E+02
 2.939056396E+01 2.712269287E+02
 2.927266884E+01 2.713793640E+02
 2.923215485E+01 2.714041748E+02
 2.911368942E+01 2.711684875E+02
 2.908750343E+01 2.710961304E+02
 2.897109985E+01 2.702837524E+02
 2.895334625E+01 2.701556396E+02
 2.883901787E+01 2.686262512E+02
 2.883065414E+01 2.684768982E+02
 2.875496101E+01 2.673875427E+02
 2.872027397E+01 2.668737488E+02
 2.871686935E+01 2.668363342E+02
 2.861882782E+01 2.654601440E+02
 2.861050415E+01 2.653099365E+02
 2.850198746E+01 2.638750000E+02
 2.850140190E+01 2.638646851E+02
 2.849554443E+01 2.637436829E+02
 2.838639832E+01 2.614665833E+02
 2.837532616E+01 2.612006226E+02
 2.826115417E+01 2.590549316E+02
 2.824262810E+01 2.588110352E+02
 2.812507248E+01 2.570594788E+02
 2.811396599E+01 2.569288025E+02
 2.805391121E+01 2.558185577E+02
 2.799966812E+01 2.548207855E+02
 2.798869514E+01 2.546437073E+02
 2.788913536E+01 2.532342529E+02
 2.785944939E+01 2.527295990E+02
 2.778737068E+01 2.516913147E+02
 2.777560806E+01 2.515617371E+02
 2.771486664E+01 2.509902039E+02
 2.771392632E+01 2.509809418E+02
 2.771374702E+01 2.509801941E+02
 2.766958046E+01 2.504792786E+02
 2.765083504E+01 2.503619385E+02
 2.762384033E+01 2.503267822E+02
 2.760556984E+01 2.503444977E+02
 2.757924652E+01 2.504121552E+02
 2.756476212E+01 2.505065918E+02
 2.754368782E+01 2.506665955E+02
 2.751005554E+01 2.511556854E+02
 2.750409889E+01 2.512549286E+02
 2.749957848E+01 2.513456421E+02
 2.747307205E+01 2.518730011E+02
 2.744880486E+01 2.524586945E+02
 2.744791985E+01 2.524797974E+02
 2.744757843E+01 2.524902039E+02
 2.741779900E+01 2.534054108E+02
 2.741200638E+01 2.536249390E+02
 2.740156746E+01 2.540500031E+02
 2.738746643E+01 2.546066589E+02
 2.737220955E+01 2.552694397E+02
 2.736266136E+01 2.556598358E+02
 2.734862900E+01 2.562791748E+02
 2.733477974E+01 2.568851013E+02
 2.732544899E+01 2.573398743E+02
 2.730683899E+01 2.581703796E+02
 2.730217552E+01 2.583798828E+02
 2.728882027E+01 2.588991394E+02
 2.728363228E+01 2.591008606E+02
 2.727946091E+01 2.591923828E+02
 2.726380920E+01 2.595095215E+02
 2.725682831E+01 2.595990906E+02
 2.723420525E+01 2.598595276E+02
 2.722888756E+01 2.598223877E+02
 2.720834541E+01 2.597708130E+02
 2.720797729E+01 2.597605896E+02
 2.718749619E+01 2.594117126E+02
 2.717734146E+01 2.596184692E+02
 2.716563606E+01 2.603858948E+02
 2.715134430E+01 2.645091553E+02
 2.714100838E+01 2.678336182E+02
 2.712008667E+01 2.801758118E+02
 2.711578560E+01 2.824201965E+02
 2.709384918E+01 2.935241089E+02
 2.708623695E+01 2.957588806E+02
 2.705863953E+01 2.988750305E+02
 2.705840302E+01 2.988844604E+02
 2.705728912E+01 2.988045654E+02
 2.703462982E+01 2.971771851E+02
 2.702936935E+01 2.964532471E+02
 2.701412773E+01 2.945252686E+02
 2.699638176E+01 2.919242554E+02
 2.699102211E+01 2.912118530E+02
 2.697481155E+01 2.885082092E+02
 2.697370911E+01 2.883342896E+02
 2.695690346E+01 2.855240479E+02
 2.694583702E+01 2.837520447E+02
 2.693534660E+01 2.819155273E+02
 2.691557312E+01 2.783265076E+02
 2.691388130E+01 2.780144348E+02
 2.691321945E+01 2.778814087E+02
 2.690940285E+01 2.771187134E+02
 2.688403511E+01 2.721537476E+02
 2.687961006E+01 2.713482056E+02
 2.686537361E+01 2.686480103E+02
 2.685439301E+01 2.665523682E+02
 2.684742355E+01 2.652317505E+02
 2.683449936E+01 2.628874512E+02
 2.681528282E+01 2.594040222E+02
 2.681151199E+01 2.587928162E+02
 2.679697609E+01 2.560717773E+02
 2.678995514E+01 2.547513428E+02
 2.678771591E+01 2.543331909E+02
 2.676421928E+01 2.502753143E+02
 2.672622108E+01 2.443267365E+02
 2.672514725E+01 2.441358643E+02
 2.672442436E+01 2.440159607E+02
 2.670078659E+01 2.410020905E+02
 2.667057419E+01 2.371277161E+02
 2.666944504E+01 2.370267181E+02
 2.665490150E+01 2.357562866E+02
 2.661829758E+01 2.324784698E+02
 2.661593628E+01 2.323290253E+02
 2.661003494E+01 2.319353333E+02
 2.656947136E+01 2.290342407E+02
 2.649168968E+01 2.256631927E+02
 2.646886826E+01 2.245721893E+02
 2.646350098E+01 2.243678284E+02
 2.645898438E+01 2.241849670E+02
 2.643057442E+01 2.233511505E+02
 2.631531334E+01 2.187304840E+02
 2.629853058E+01 2.176430511E+02
 2.625887299E+01 2.148922424E+02
 2.618537331E+01 2.083481750E+02
 2.609673691E+01 2.019444427E+02
 2.609099388E+01 2.014961700E+02
 2.608846855E+01 2.012448578E+02
 2.601268578E+01 1.933721313E+02
 2.598451233E+01 1.894701080E+02
 2.594804192E+01 1.845158691E+02
 2.590974808E+01 1.753668365E+02
 2.589513588E+01 1.720598297E+02
 2.588709068E+01 1.694516754E+02
 2.585252571E+01 1.565410919E+02
 2.585082436E+01 1.555677643E+02
 2.583736801E+01 1.484282837E+02
 2.582112885E+01 1.399006042E+02
 2.581910896E+01 1.387548828E+02
 2.579782486E+01 1.212314453E+02
 2.579417038E+01 1.180943375E+02
 2.579130745E+01 1.146800842E+02
 2.577734756E+01 9.894551086E+01
 2.577528381E+01 9.646501923E+01
 2.576830864E+01 8.873575592E+01
 2.576773071E+01 8.966136932E+01
 2.576603127E+01 9.305294037E+01
 2.576772499E+01 1.051073761E+02
 2.576830292E+01 1.090383530E+02
 2.577385712E+01 1.291278839E+02
 2.577550316E+01 1.349402313E+02
 2.578699684E+01 1.640264893E+02
 2.578946304E+01 1.701797333E+02
 2.580961227E+01 2.056356506E+02
 2.581157494E+01 2.090545502E+02
 2.583261490E+01 2.333963165E+02
 2.584287453E+01 2.452596588E+02
 2.584486580E+01 2.467058563E+02
 2.588432503E+01 2.753818359E+02
 2.589778900E+01 2.811588440E+02
 2.593704987E+01 2.981079407E+02
 2.597313309E+01 3.065895691E+02
 2.600247574E+01 3.135766602E+02
 2.608044434E+01 3.227230835E+02
 2.608241272E+01 3.229584656E+02
 2.608666039E+01 3.231658936E+02
 2.617911911E+01 3.273755493E+02
 2.626181602E+01 3.282279358E+02
 2.629533005E+01 3.287244568E+02
 2.630885315E+01 3.285610352E+02
 2.633292770E+01 3.282277222E+02
 2.642353630E+01 3.271764526E+02
 2.650648308E+01 3.272690125E+02
 2.651372147E+01 3.272862244E+02
 2.652842140E+01 3.272087402E+02
 2.661462402E+01 3.267557373E+02
 2.664789772E+01 3.266738586E+02
 2.672162247E+01 3.263639221E+02
 2.675247574E+01 3.263391418E+02
 2.680710220E+01 3.266164551E+02
 2.683845329E+01 3.269453125E+02
 2.687755775E+01 3.274617920E+02
 2.694950104E+01 3.280914001E+02
 2.697675514E+01 3.283842773E+02
 2.699494743E+01 3.286225281E+02
 2.707806587E+01 3.281268311E+02
 2.712402153E+01 3.227527771E+02
 2.716715050E+01 3.154966431E+02
 2.721749496E+01 3.032536316E+02
 2.727973747E+01 2.879483032E+02
 2.732990265E+01 2.788791199E+02
 2.738367844E+01 2.699070435E+02
 2.742973137E+01 2.705552063E+02
 2.749361229E+01 2.699716492E+02
 2.755766678E+01 2.734855042E+02
 2.759222794E+01 2.758226013E+02
 2.766071320E+01 2.802819214E+02
 2.773110008E+01 2.843183899E+02
 2.779121017E+01 2.872427063E+02
 2.789063454E+01 2.913910522E+02
 2.789652443E+01 2.916183167E+02
 2.799121666E+01 2.949609070E+02
 2.804040718E+01 2.965007935E+02
 2.812467003E+01 2.989091797E+02
 2.816551399E+01 2.998305359E+02
 2.829371834E+01 3.019257202E+02
 2.831405830E+01 3.021853027E+02
 2.847362709E+01 3.037994690E+02
 2.848548126E+01 3.039116516E+02
 2.864299011E+01 3.050824585E+02
 2.865799713E+01 3.050971985E+02
 2.879565430E+01 3.052411499E+02
 2.881090355E+01 3.052565613E+02
 2.881237793E+01 3.052611389E+02
 2.889473534E+01 3.047639160E+02
 2.897604942E+01 3.042753296E+02
 2.897784996E+01 3.042475891E+02
 2.915488052E+01 3.008262024E+02
 2.921077538E+01 2.995072021E+02
 2.934950066E+01 2.962431335E+02
 2.939608574E+01 2.952237549E+02
 2.949081039E+01 2.931597290E+02
 2.959896278E+01 2.913295898E+02
 2.967725754E+01 2.901642761E+02
 2.974505043E+01 2.895567322E+02
 2.987057686E+01 2.885019836E+02
 2.998787308E+01 2.880684204E+02
 3.009208679E+01 2.876954956E+02
 3.024347115E+01 2.872083435E+02
 3.035412598E+01 2.867076111E+02
 3.049145699E+01 2.859468689E+02
 3.069609451E+01 2.846900635E+02
 3.080571747E+01 2.840317993E+02
 3.093035126E+01 2.833582153E+02
 3.109226990E+01 2.823872070E+02
 3.126845360E+01 2.809371033E+02
 3.136777496E+01 2.801909790E+02
 3.141213608E+01 2.797322388E+02
 3.165576935E+01 2.765541992E+02
 3.166168785E+01 2.764784546E+02
 3.166315842E+01 2.764512939E+02
 3.187607765E+01 2.728053894E+02
 3.193486023E+01 2.716749268E+02
 3.205246353E+01 2.693872681E+02
 3.214704895E+01 2.673456726E+02
 3.221828079E+01 2.658110352E+02
 3.230060196E+01 2.639381714E+02
 3.233271027E+01 2.631940918E+02
 3.243340302E+01 2.608767090E+02
 3.247022629E+01 2.600009155E+02
 3.258778381E+01 2.573827820E+02
 3.261178970E+01 2.568526611E+02
 3.271609879E+01 2.546182404E+02
 3.272497559E+01 2.544300995E+02
 3.272948456E+01 2.543460693E+02
 3.283923340E+01 2.523023071E+02
 3.287900925E+01 2.515428925E+02
 3.298186111E+01 2.498824921E+02
 3.299026108E+01 2.497485046E+02
 3.299444199E+01 2.496920624E+02
 3.311225891E+01 2.481702728E+02
 3.314947891E+01 2.477745361E+02
 3.326784515E+01 2.466099548E+02
 3.327235031E+01 2.465790405E+02
 3.330076218E+01 2.464423981E+02
 3.339957047E+01 2.459676361E+02
 3.341363907E+01 2.458904724E+02
 3.355355835E+01 2.453850861E+02
 3.356791306E+01 2.453830872E+02
 3.362353516E+01 2.449001770E+02
 3.369848633E+01 2.443443146E+02
 3.383131790E+01 2.447111053E+02
 3.384034729E+01 2.447384338E+02
 3.384157181E+01 2.447280731E+02
 3.386139679E+01 2.438830566E+02
 3.399090195E+01 2.383591919E+02
 3.400280762E+01 2.380351715E+02
 3.412718582E+01 2.343839417E+02
 3.431481171E+01 2.091113129E+02
 3.432327271E+01 2.079002380E+02
