TITLE     = "VTK Data"
VARIABLES = "X"
"Velocity_X"
ZONE T="Slice: Y=29.551 (region 1)"
 STRANDID=493, SOLUTIONTIME=772
 I=262, J=1, K=1, ZONETYPE=Ordered
 DATAPACKING=POINT
 DT=(SINGLE SINGLE )
 4.303197479E+01 1.457844543E+02
 4.303231430E+01 1.425090942E+02
 4.303260422E+01 1.400336304E+02
 4.302344894E+01 1.795079956E+02
 4.301754379E+01 2.045988617E+02
 4.300527191E+01 1.829749603E+02
 4.300049591E+01 1.748217010E+02
 4.298628616E+01 1.822456207E+02
 4.298224640E+01 1.842010803E+02
 4.296670532E+01 1.784464874E+02
 4.296273804E+01 1.770630035E+02
 4.294771194E+01 1.787534485E+02
 4.294232941E+01 1.793199921E+02
 4.292709732E+01 1.786969299E+02
 4.291991043E+01 1.782094574E+02
 4.290248489E+01 1.785811005E+02
 4.289628220E+01 1.787797394E+02
 4.287801361E+01 1.789144592E+02
 4.286956406E+01 1.790194702E+02
 4.285327911E+01 1.793002167E+02
 4.284220886E+01 1.794220734E+02
 4.282699585E+01 1.798486938E+02
 4.281642914E+01 1.801957703E+02
 4.279400253E+01 1.809185791E+02
 4.278641510E+01 1.811692810E+02
 4.277729034E+01 1.814289703E+02
 4.275450516E+01 1.822315674E+02
 4.273604202E+01 1.829696045E+02
 4.271891785E+01 1.836161499E+02
 4.270057678E+01 1.842787781E+02
 4.268339157E+01 1.849154816E+02
 4.266835022E+01 1.854835815E+02
 4.265616989E+01 1.860295868E+02
 4.263348007E+01 1.871155396E+02
 4.262537003E+01 1.874790497E+02
 4.259294510E+01 1.891482849E+02
 4.259033585E+01 1.892861023E+02
 4.257694626E+01 1.899676208E+02
 4.254486847E+01 1.915959930E+02
 4.253886414E+01 1.918834534E+02
 4.251707840E+01 1.929925842E+02
 4.249099350E+01 1.943009949E+02
 4.248360443E+01 1.946921387E+02
 4.244129562E+01 1.968857880E+02
 4.242786407E+01 1.976085052E+02
 4.238815308E+01 1.997092896E+02
 4.236660004E+01 2.008760529E+02
 4.233475876E+01 2.025575409E+02
 4.229827499E+01 2.045653381E+02
 4.228306580E+01 2.054093170E+02
 4.226088333E+01 2.066747437E+02
 4.222580719E+01 2.086644592E+02
 4.220571899E+01 2.097931519E+02
 4.215368652E+01 2.128075562E+02
 4.212489700E+01 2.144716187E+02
 4.207881546E+01 2.170319366E+02
 4.204499054E+01 2.188785400E+02
 4.200057983E+01 2.213564453E+02
 4.196061707E+01 2.234779510E+02
 4.191886902E+01 2.257080688E+02
 4.186732483E+01 2.284049072E+02
 4.183185196E+01 2.302480011E+02
 4.178439713E+01 2.324629974E+02
 4.175013733E+01 2.340263519E+02
 4.167916107E+01 2.369209900E+02
 4.164931107E+01 2.382376556E+02
 4.155940628E+01 2.419372101E+02
 4.154747772E+01 2.424406433E+02
 4.152786636E+01 2.431429138E+02
 4.145085144E+01 2.458555450E+02
 4.138071442E+01 2.474383545E+02
 4.134826660E+01 2.482946014E+02
 4.132256699E+01 2.488463898E+02
 4.121635437E+01 2.510105286E+02
 4.114572525E+01 2.525098877E+02
 4.110329437E+01 2.532059937E+02
 4.104203033E+01 2.541409912E+02
 4.102857208E+01 2.543560638E+02
 4.101813507E+01 2.543659210E+02
 4.095727158E+01 2.543334961E+02
 4.089424515E+01 2.544272766E+02
 4.086149597E+01 2.544815979E+02
 4.081975174E+01 2.545554657E+02
 4.076927948E+01 2.545495605E+02
 4.073659134E+01 2.543950958E+02
 4.067975235E+01 2.542465515E+02
 4.060611725E+01 2.538255157E+02
 4.060025024E+01 2.537925873E+02
 4.058754349E+01 2.536473846E+02
 4.052569580E+01 2.529279175E+02
 4.050495148E+01 2.525231628E+02
 4.043738556E+01 2.514221497E+02
 4.043030548E+01 2.512824249E+02
 4.039408112E+01 2.506171875E+02
 4.036017609E+01 2.499808807E+02
 4.035321045E+01 2.498706207E+02
 4.029952240E+01 2.486707611E+02
 4.027803040E+01 2.481184998E+02
 4.023377609E+01 2.468597260E+02
 4.020305252E+01 2.460402069E+02
 4.016725540E+01 2.449257660E+02
 4.013150406E+01 2.438313599E+02
 4.010245514E+01 2.427924957E+02
 4.006320572E+01 2.413428802E+02
 4.003993225E+01 2.402019806E+02
 4.000146866E+01 2.383393250E+02
 3.996043015E+01 2.362423859E+02
 3.994343185E+01 2.353592377E+02
 3.991460800E+01 2.332661438E+02
 3.989486313E+01 2.318824310E+02
 3.988228607E+01 2.304403687E+02
 3.985437775E+01 2.272811432E+02
 3.985257721E+01 2.269383087E+02
 3.984632492E+01 2.257847748E+02
 3.982652664E+01 2.221257782E+02
 3.982077789E+01 2.210801849E+02
 3.980329514E+01 2.154818726E+02
 3.979305649E+01 2.122571411E+02
 3.978269958E+01 2.063611603E+02
 3.977041626E+01 1.994910583E+02
 3.976478195E+01 1.942500458E+02
 3.975221634E+01 1.827424927E+02
 3.974952698E+01 1.787769318E+02
 3.973777390E+01 1.616783295E+02
 3.973683548E+01 1.593739929E+02
 3.972692490E+01 1.352910156E+02
 3.972684097E+01 1.349762268E+02
 3.972519684E+01 1.288543549E+02
 3.971976089E+01 1.085616531E+02
 3.971947861E+01 1.075281677E+02
 3.971930695E+01 1.066952896E+02
 3.971525192E+01 8.679524994E+01
 3.971516037E+01 8.644025421E+01
 3.971380997E+01 8.110533905E+01
 3.971457672E+01 9.344641113E+01
 3.971461105E+01 9.397567749E+01
 3.971767044E+01 1.190235138E+02
 3.971828461E+01 1.240697784E+02
 3.971834564E+01 1.244144592E+02
 3.972535706E+01 1.629150391E+02
 3.972639847E+01 1.666205597E+02
 3.973593140E+01 2.003022919E+02
 3.973926926E+01 2.071540222E+02
 3.975029373E+01 2.296157379E+02
 3.975800323E+01 2.376048431E+02
 3.976864624E+01 2.485607910E+02
 3.978399277E+01 2.563083496E+02
 3.979138184E+01 2.600191040E+02
 3.981753922E+01 2.666959229E+02
 3.981915665E+01 2.671095276E+02
 3.981993103E+01 2.672146301E+02
 3.985276413E+01 2.716194763E+02
 3.987513351E+01 2.733174438E+02
 3.989323807E+01 2.746762695E+02
 3.992185593E+01 2.759945679E+02
 3.994176865E+01 2.769172974E+02
 3.996672821E+01 2.778281250E+02
 3.999974060E+01 2.790189819E+02
 4.001451874E+01 2.794664612E+02
 4.006126785E+01 2.809293823E+02
 4.007331085E+01 2.812185364E+02
 4.012927628E+01 2.825913391E+02
 4.013487625E+01 2.826944580E+02
 4.017955399E+01 2.835034790E+02
 4.019816589E+01 2.838397217E+02
 4.020046234E+01 2.838850098E+02
 4.026609421E+01 2.851144714E+02
 4.027466965E+01 2.852892456E+02
 4.032811356E+01 2.865495911E+02
 4.035169983E+01 2.870515747E+02
 4.039164734E+01 2.876524048E+02
 4.043573761E+01 2.883157349E+02
 4.046306229E+01 2.886201172E+02
 4.052211761E+01 2.893206787E+02
 4.054999542E+01 2.896954346E+02
 4.060569000E+01 2.904974976E+02
 4.064208984E+01 2.910951538E+02
 4.069067764E+01 2.918788757E+02
 4.073993683E+01 2.926696167E+02
 4.079284286E+01 2.936241150E+02
 4.083052826E+01 2.944707642E+02
 4.089646912E+01 2.958819580E+02
 4.091145706E+01 2.961453247E+02
 4.100743484E+01 2.977862854E+02
 4.100934601E+01 2.978189697E+02
 4.112443542E+01 3.001114807E+02
 4.112469864E+01 3.001172791E+02
 4.124178314E+01 3.027327881E+02
 4.124332047E+01 3.027710571E+02
 4.135351181E+01 3.055215454E+02
 4.140544891E+01 3.068234558E+02
 4.146134186E+01 3.082398376E+02
 4.154425049E+01 3.091008911E+02
 4.156746674E+01 3.093031311E+02
 4.158234406E+01 3.088823853E+02
 4.168315887E+01 3.064039917E+02
 4.174637604E+01 3.023755188E+02
 4.179438782E+01 2.994880676E+02
 4.186902237E+01 2.933257446E+02
 4.187229156E+01 2.930697632E+02
 4.193512344E+01 2.885668945E+02
 4.196448135E+01 2.871945496E+02
 4.200181580E+01 2.857198792E+02
 4.202984238E+01 2.851693420E+02
 4.207238007E+01 2.844183960E+02
 4.213216400E+01 2.834254456E+02
 4.213727188E+01 2.833522034E+02
 4.215002823E+01 2.828336182E+02
 4.220378113E+01 2.807797852E+02
 4.221940613E+01 2.798711853E+02
 4.226483154E+01 2.770865784E+02
 4.228557587E+01 2.758602905E+02
 4.229687500E+01 2.751522522E+02
 4.234198380E+01 2.724398499E+02
 4.238924408E+01 2.697509155E+02
 4.239233398E+01 2.695840454E+02
 4.239635086E+01 2.693894653E+02
 4.244073868E+01 2.672552795E+02
 4.247127914E+01 2.658080444E+02
 4.248380280E+01 2.652576294E+02
 4.249658585E+01 2.646904297E+02
 4.252558517E+01 2.633977356E+02
 4.255237198E+01 2.623308105E+02
 4.256375504E+01 2.619151917E+02
 4.257740784E+01 2.614675598E+02
 4.259236526E+01 2.609681091E+02
 4.261997986E+01 2.601856689E+02
 4.262425995E+01 2.600588989E+02
 4.264560318E+01 2.595699768E+02
 4.266337204E+01 2.591651306E+02
 4.266600418E+01 2.591268005E+02
 4.267826843E+01 2.589948425E+02
 4.269897079E+01 2.587598877E+02
 4.270487976E+01 2.586929626E+02
 4.272622299E+01 2.584934692E+02
 4.275076294E+01 2.582439270E+02
 4.275563431E+01 2.582015076E+02
 4.276117325E+01 2.581704102E+02
 4.278337479E+01 2.580091553E+02
 4.279885483E+01 2.578185425E+02
 4.281232834E+01 2.574875793E+02
 4.282911682E+01 2.571069946E+02
 4.284340668E+01 2.567709045E+02
 4.285641098E+01 2.564305115E+02
 4.287209320E+01 2.557738037E+02
 4.288048935E+01 2.554169769E+02
 4.289833450E+01 2.540086060E+02
 4.290369034E+01 2.535957031E+02
 4.292153549E+01 2.524805298E+02
 4.292771530E+01 2.518623047E+02
 4.293824768E+01 2.506548157E+02
 4.294991684E+01 2.508310699E+02
 4.295103073E+01 2.506766815E+02
 4.296588516E+01 2.456232605E+02
 4.296656799E+01 2.457247314E+02
 4.298443222E+01 2.486540833E+02
 4.298588562E+01 2.474788666E+02
 4.300169754E+01 2.349769135E+02
 4.300453186E+01 2.379977570E+02
 4.301779938E+01 2.524564819E+02
 4.302233887E+01 2.183344269E+02
 4.303197479E+01 1.457844543E+02
