TITLE     = "VTK Data"
VARIABLES = "X"
"Velocity_X"
ZONE T="Slice: Y=7.144 (region 1)"
 STRANDID=355, SOLUTIONTIME=772
 I=203, J=1, K=1, ZONETYPE=Ordered
 DATAPACKING=POINT
 DT=(SINGLE SINGLE )
 3.398697662E+01 1.979482574E+02
 3.398681259E+01 1.955100403E+02
 3.398638916E+01 1.876119690E+02
 3.388330841E+01 1.862447815E+02
 3.381460953E+01 1.867893982E+02
 3.367803192E+01 1.879172668E+02
 3.362254333E+01 1.883938904E+02
 3.358949661E+01 1.883252106E+02
 3.341816711E+01 1.879417572E+02
 3.321109772E+01 1.919685822E+02
 3.318713760E+01 1.924369202E+02
 3.317303085E+01 1.926556244E+02
 3.294863129E+01 1.967529449E+02
 3.289196014E+01 1.980256500E+02
 3.273111725E+01 2.015527496E+02
 3.256429672E+01 2.051007538E+02
 3.246136093E+01 2.073728333E+02
 3.230607224E+01 2.106447296E+02
 3.215620804E+01 2.137749329E+02
 3.201310730E+01 2.167426605E+02
 3.185704231E+01 2.200466766E+02
 3.176134300E+01 2.221969910E+02
 3.158909607E+01 2.260355530E+02
 3.148693657E+01 2.283637238E+02
 3.125631714E+01 2.334035950E+02
 3.121585083E+01 2.343232727E+02
 3.112082291E+01 2.364075623E+02
 3.096994591E+01 2.397445526E+02
 3.090657997E+01 2.410864868E+02
 3.075535583E+01 2.443810883E+02
 3.058902740E+01 2.475872498E+02
 3.055780602E+01 2.481906891E+02
 3.052747726E+01 2.487271881E+02
 3.036144447E+01 2.517288361E+02
 3.018589211E+01 2.544031525E+02
 3.013047981E+01 2.552911987E+02
 3.009131050E+01 2.558555145E+02
 2.984743881E+01 2.592523193E+02
 2.981264114E+01 2.596685486E+02
 2.957013893E+01 2.621152344E+02
 2.955302238E+01 2.622619934E+02
 2.952152061E+01 2.624569092E+02
 2.930649185E+01 2.639364319E+02
 2.909888840E+01 2.650412598E+02
 2.907168388E+01 2.652227783E+02
 2.905196953E+01 2.652921448E+02
 2.885060120E+01 2.658706055E+02
 2.876614189E+01 2.658255005E+02
 2.866035652E+01 2.657932434E+02
 2.856940651E+01 2.655292053E+02
 2.842557907E+01 2.657482300E+02
 2.830311775E+01 2.659376526E+02
 2.821347237E+01 2.661324158E+02
 2.814264870E+01 2.660284424E+02
 2.804071617E+01 2.658303833E+02
 2.793959618E+01 2.657903442E+02
 2.787678337E+01 2.659139709E+02
 2.779576874E+01 2.659890442E+02
 2.770284843E+01 2.661652832E+02
 2.755186462E+01 2.669152222E+02
 2.752891922E+01 2.670661011E+02
 2.749058723E+01 2.673840942E+02
 2.736300278E+01 2.684469299E+02
 2.730764580E+01 2.688059082E+02
 2.717313576E+01 2.698225403E+02
 2.709340286E+01 2.707725525E+02
 2.693094063E+01 2.728790283E+02
 2.688824272E+01 2.735014038E+02
 2.685461617E+01 2.737183838E+02
 2.664916611E+01 2.755570679E+02
 2.661427116E+01 2.757366028E+02
 2.654669380E+01 2.761964722E+02
 2.639971924E+01 2.769331055E+02
 2.623946190E+01 2.766406860E+02
 2.618632317E+01 2.765543823E+02
 2.604042244E+01 2.746438904E+02
 2.597802544E+01 2.734828186E+02
 2.582906342E+01 2.699501648E+02
 2.575617599E+01 2.680780640E+02
 2.561821175E+01 2.635049438E+02
 2.554473305E+01 2.609463806E+02
 2.541401482E+01 2.556023560E+02
 2.534319878E+01 2.526626129E+02
 2.521962357E+01 2.463367310E+02
 2.516130829E+01 2.433560333E+02
 2.505927658E+01 2.373604279E+02
 2.499238586E+01 2.334155426E+02
 2.492334938E+01 2.284935303E+02
 2.485014343E+01 2.232598267E+02
 2.481139946E+01 2.198683472E+02
 2.473080254E+01 2.128027344E+02
 2.465334892E+01 2.040019836E+02
 2.463115692E+01 2.014759521E+02
 2.457454491E+01 1.927257996E+02
 2.454861832E+01 1.887428131E+02
 2.454242325E+01 1.873992767E+02
 2.448089027E+01 1.740382538E+02
 2.446370506E+01 1.686767426E+02
 2.442616653E+01 1.567350006E+02
 2.440565109E+01 1.477032013E+02
 2.438313103E+01 1.374409027E+02
 2.436955261E+01 1.281510925E+02
 2.435094643E+01 1.157552261E+02
 2.433642578E+01 1.035650787E+02
 2.432922173E+01 9.730850983E+01
 2.432098579E+01 9.118367004E+01
 2.431762886E+01 8.850109863E+01
 2.431567383E+01 9.374236298E+01
 2.431492424E+01 9.566712952E+01
 2.431591606E+01 1.011973343E+02
 2.431855774E+01 1.157355270E+02
 2.432168961E+01 1.247932892E+02
 2.432933235E+01 1.465290070E+02
 2.433603096E+01 1.598477325E+02
 2.434951401E+01 1.860707703E+02
 2.436213684E+01 2.030070343E+02
 2.438058662E+01 2.271385651E+02
 2.440303612E+01 2.465020599E+02
 2.442356682E+01 2.637349854E+02
 2.446218300E+01 2.843476257E+02
 2.447947502E+01 2.933175964E+02
 2.454444885E+01 3.136253052E+02
 2.454961777E+01 3.151892090E+02
 2.457005119E+01 3.186362305E+02
 2.463578987E+01 3.298188782E+02
 2.466353607E+01 3.323132324E+02
 2.474010849E+01 3.389725647E+02
 2.483517265E+01 3.432082214E+02
 2.486493874E+01 3.444899292E+02
 2.491679573E+01 3.455108032E+02
 2.501361656E+01 3.474157715E+02
 2.511685944E+01 3.481625671E+02
 2.518948936E+01 3.486317749E+02
 2.522788811E+01 3.485555115E+02
 2.537768936E+01 3.483972778E+02
 2.542265511E+01 3.477506409E+02
 2.558515930E+01 3.453109741E+02
 2.563059235E+01 3.446233826E+02
 2.580658531E+01 3.419851685E+02
 2.584181595E+01 3.418543091E+02
 2.601328468E+01 3.418249817E+02
 2.603978348E+01 3.419709778E+02
 2.615169716E+01 3.413777161E+02
 2.624423981E+01 3.410393372E+02
 2.626610756E+01 3.407720032E+02
 2.648089027E+01 3.190920410E+02
 2.655548668E+01 3.105841064E+02
 2.677493858E+01 2.790300903E+02
 2.679079819E+01 2.768237305E+02
 2.679693413E+01 2.765996399E+02
 2.701707077E+01 2.663399048E+02
 2.711502647E+01 2.685480652E+02
 2.726090622E+01 2.719198914E+02
 2.748785591E+01 2.808269348E+02
 2.752651787E+01 2.823842163E+02
 2.763839531E+01 2.860479126E+02
 2.776323700E+01 2.900071716E+02
 2.785170746E+01 2.908865967E+02
 2.801181030E+01 2.927104187E+02
 2.807291222E+01 2.932946472E+02
 2.827424240E+01 2.921061096E+02
 2.843066216E+01 2.914427490E+02
 2.848210335E+01 2.907647400E+02
 2.874549675E+01 2.873822632E+02
 2.882880974E+01 2.861347046E+02
 2.899558449E+01 2.836455688E+02
 2.911865234E+01 2.819038086E+02
 2.929966545E+01 2.798130493E+02
 2.951929474E+01 2.783121643E+02
 2.965532494E+01 2.772509155E+02
 2.977400017E+01 2.767135925E+02
 3.001097298E+01 2.756884766E+02
 3.030181503E+01 2.741333923E+02
 3.036559677E+01 2.737363892E+02
 3.051667786E+01 2.722621155E+02
 3.075530624E+01 2.701705322E+02
 3.083351326E+01 2.692987671E+02
 3.119295311E+01 2.643251953E+02
 3.119676018E+01 2.642704773E+02
 3.125085258E+01 2.633312683E+02
 3.154337883E+01 2.582710571E+02
 3.156652069E+01 2.578381042E+02
 3.181757545E+01 2.529286957E+02
 3.190687180E+01 2.513261871E+02
 3.206317520E+01 2.485474091E+02
 3.225240326E+01 2.452256622E+02
 3.228210831E+01 2.447441864E+02
 3.236686325E+01 2.434536743E+02
 3.248084641E+01 2.417432098E+02
 3.251780319E+01 2.412206421E+02
 3.268874741E+01 2.389739990E+02
 3.284166718E+01 2.372271881E+02
 3.292437363E+01 2.362796326E+02
 3.302782822E+01 2.349365234E+02
 3.315038681E+01 2.333733673E+02
 3.324521255E+01 2.322167053E+02
 3.338250351E+01 2.306012115E+02
 3.358193970E+01 2.255975189E+02
 3.360095596E+01 2.251224518E+02
 3.361247635E+01 2.247928772E+02
 3.379768372E+01 2.198371735E+02
 3.392029190E+01 2.054613037E+02
 3.398697662E+01 1.979482574E+02
