TITLE     = "VTK Data"
VARIABLES = "X"
"Velocity_X"
ZONE T="Slice: Y=8.281 (region 2)"
 STRANDID=362, SOLUTIONTIME=772
 I=70, J=1, K=1, ZONETYPE=Ordered
 DATAPACKING=POINT
 DT=(SINGLE SINGLE )
 2.539774132E+01 1.242299652E+02
 2.539852905E+01 1.243488464E+02
 2.540179825E+01 1.245203781E+02
 2.538541985E+01 1.243110809E+02
 2.536339569E+01 1.239917984E+02
 2.522894669E+01 1.223099518E+02
 2.520380402E+01 1.220372009E+02
 2.505562592E+01 1.210197144E+02
 2.500160599E+01 1.205369263E+02
 2.480173683E+01 1.195615540E+02
 2.479066658E+01 1.195087738E+02
 2.477358437E+01 1.194513550E+02
 2.457256699E+01 1.187329559E+02
 2.440168381E+01 1.183526840E+02
 2.434498787E+01 1.182693405E+02
 2.430247879E+01 1.183070602E+02
 2.409743118E+01 1.186166534E+02
 2.380501747E+01 1.200070114E+02
 2.376930618E+01 1.201746140E+02
 2.374542618E+01 1.202861557E+02
 2.369016266E+01 1.206122131E+02
 2.341407013E+01 1.220826645E+02
 2.327536583E+01 1.234725723E+02
 2.317827034E+01 1.245265656E+02
 2.302989769E+01 1.268296890E+02
 2.294672012E+01 1.281761322E+02
 2.288592720E+01 1.295098267E+02
 2.270860672E+01 1.333907928E+02
 2.253898430E+01 1.379463806E+02
 2.247734261E+01 1.394642181E+02
 2.227733803E+01 1.475323486E+02
 2.227490997E+01 1.476118164E+02
 2.209309959E+01 1.576960297E+02
 2.208333015E+01 1.578574219E+02
 2.199717522E+01 1.612290039E+02
 2.203285027E+01 1.580286102E+02
 2.209019089E+01 1.544442291E+02
 2.219453621E+01 1.478566895E+02
 2.229776192E+01 1.423903809E+02
 2.242208862E+01 1.377029877E+02
 2.252795792E+01 1.342814484E+02
 2.271967506E+01 1.297497101E+02
 2.277988434E+01 1.284664001E+02
 2.290909576E+01 1.263173218E+02
 2.305404663E+01 1.239253387E+02
 2.312719154E+01 1.228679428E+02
 2.332275963E+01 1.198242645E+02
 2.348290634E+01 1.187313538E+02
 2.356614494E+01 1.182752075E+02
 2.360002327E+01 1.181310120E+02
 2.372856331E+01 1.170893860E+02
 2.382938004E+01 1.163896027E+02
 2.402924919E+01 1.162988129E+02
 2.405274200E+01 1.162877579E+02
 2.405531502E+01 1.162953110E+02
 2.405801010E+01 1.163035889E+02
 2.433905220E+01 1.167095184E+02
 2.438586426E+01 1.165909576E+02
 2.445126534E+01 1.163529129E+02
 2.457715225E+01 1.162416229E+02
 2.464249229E+01 1.168656006E+02
 2.474089241E+01 1.177302475E+02
 2.483295822E+01 1.183748474E+02
 2.498153877E+01 1.194061966E+02
 2.500496101E+01 1.195773087E+02
 2.503367043E+01 1.198023148E+02
 2.515656281E+01 1.208690491E+02
 2.524145317E+01 1.220784302E+02
 2.531339645E+01 1.229489136E+02
 2.539774132E+01 1.242299652E+02
