TITLE     = "VTK Data"
VARIABLES = "X"
"Velocity_X"
ZONE T="Slice: Y=0.812 (region 1)"
 STRANDID=316, SOLUTIONTIME=772
 I=872, J=1, K=1, ZONETYPE=Ordered
 DATAPACKING=POINT
 DT=(SINGLE SINGLE )
 7.048368835E+01 2.241452179E+02
 7.049025726E+01 2.242126312E+02
 7.051884460E+01 2.239308014E+02
 7.052677155E+01 2.238872833E+02
 7.052835846E+01 2.238670502E+02
 7.053728485E+01 2.236659088E+02
 7.055582428E+01 2.232745819E+02
 7.055942535E+01 2.231952515E+02
 7.058364868E+01 2.228631592E+02
 7.058435822E+01 2.228504028E+02
 7.058492279E+01 2.228415985E+02
 7.058724976E+01 2.228123169E+02
 7.060312653E+01 2.226157532E+02
 7.060761261E+01 2.225593567E+02
 7.061650085E+01 2.224137115E+02
 7.062348175E+01 2.222847900E+02
 7.062664795E+01 2.222428589E+02
 7.063246155E+01 2.221732635E+02
 7.063879395E+01 2.221013336E+02
 7.064183807E+01 2.220720367E+02
 7.064740753E+01 2.220397949E+02
 7.064930725E+01 2.220338898E+02
 7.065314484E+01 2.219537048E+02
 7.065444946E+01 2.219321594E+02
 7.065904999E+01 2.218778687E+02
 7.065948486E+01 2.218733826E+02
 7.065974426E+01 2.218692780E+02
 7.066072083E+01 2.218555145E+02
 7.066323853E+01 2.218431091E+02
 7.066382599E+01 2.218349915E+02
 7.066537476E+01 2.218408813E+02
 7.066602325E+01 2.218426514E+02
 7.066670990E+01 2.218615875E+02
 7.066713715E+01 2.218545685E+02
 7.066732788E+01 2.218539886E+02
 7.066747284E+01 2.218505554E+02
 7.066751099E+01 2.218482208E+02
 7.066751099E+01 2.218479309E+02
 7.066743469E+01 2.218361053E+02
 7.066735840E+01 2.218250427E+02
 7.066712189E+01 2.217786865E+02
 7.066701508E+01 2.217572632E+02
 7.066680145E+01 2.216935425E+02
 7.066652679E+01 2.216121826E+02
 7.066591644E+01 2.213815918E+02
 7.066584015E+01 2.213544464E+02
 7.066546631E+01 2.212239838E+02
 7.066492462E+01 2.210365448E+02
 7.066481781E+01 2.210016479E+02
 7.066381073E+01 2.207240143E+02
 7.066363525E+01 2.206793976E+02
 7.066226959E+01 2.203785400E+02
 7.066184235E+01 2.203037567E+02
 7.066119385E+01 2.201816254E+02
 7.066010284E+01 2.200160217E+02
 7.065914917E+01 2.198841705E+02
 7.065776825E+01 2.197004395E+02
 7.065523529E+01 2.194286346E+02
 7.065196991E+01 2.191672211E+02
 7.065099335E+01 2.191071167E+02
 7.064793396E+01 2.189637604E+02
 7.064656067E+01 2.188984070E+02
 7.064603424E+01 2.188721771E+02
 7.064168549E+01 2.187416687E+02
 7.063706970E+01 2.185558624E+02
 7.063603973E+01 2.185169678E+02
 7.062887573E+01 2.182646637E+02
 7.062616730E+01 2.182405701E+02
 7.061737823E+01 2.179290009E+02
 7.061344910E+01 2.178263092E+02
 7.060870361E+01 2.178046265E+02
 7.059447479E+01 2.178758698E+02
 7.058961487E+01 2.178828583E+02
 7.058453369E+01 2.178756104E+02
 7.057473755E+01 2.183761749E+02
 7.056662750E+01 2.185231476E+02
 7.055548859E+01 2.183365784E+02
 7.054364777E+01 2.185795593E+02
 7.052206421E+01 2.187188416E+02
 7.052167511E+01 2.187216034E+02
 7.049310303E+01 2.185413666E+02
 7.049034119E+01 2.185287170E+02
 7.048708344E+01 2.185102997E+02
 7.045182800E+01 2.179978638E+02
 7.042151642E+01 2.181291351E+02
 7.040658569E+01 2.183424072E+02
 7.039607239E+01 2.185451508E+02
 7.034441376E+01 2.191231995E+02
 7.032653046E+01 2.192652588E+02
 7.028256989E+01 2.193268433E+02
 7.026461792E+01 2.194302063E+02
 7.025561523E+01 2.194277191E+02
 7.020257568E+01 2.190224609E+02
 7.012991333E+01 2.192471924E+02
 7.011160278E+01 2.193709412E+02
 7.010429382E+01 2.194567108E+02
 7.009580231E+01 2.194718933E+02
 6.995305634E+01 2.199943695E+02
 6.993179321E+01 2.200177917E+02
 6.991683197E+01 2.201441040E+02
 6.987590027E+01 2.204368286E+02
 6.973612213E+01 2.213588715E+02
 6.966606903E+01 2.215393066E+02
 6.955256653E+01 2.218164215E+02
 6.941234589E+01 2.223245087E+02
 6.932919312E+01 2.226682739E+02
 6.929312897E+01 2.227933197E+02
 6.906900787E+01 2.233116760E+02
 6.906400299E+01 2.233011475E+02
 6.877698517E+01 2.216608582E+02
 6.875067139E+01 2.217184143E+02
 6.871808624E+01 2.218372192E+02
 6.842649841E+01 2.238596802E+02
 6.829396057E+01 2.234534302E+02
 6.801753998E+01 2.218053741E+02
 6.787046814E+01 2.218660278E+02
 6.762465668E+01 2.216418762E+02
 6.741408539E+01 2.211828461E+02
 6.722126770E+01 2.204727631E+02
 6.693689728E+01 2.199407043E+02
 6.679090118E+01 2.194942780E+02
 6.644827271E+01 2.196605225E+02
 6.634133911E+01 2.197584991E+02
 6.595304108E+01 2.200117950E+02
 6.587993622E+01 2.201697693E+02
 6.567755890E+01 2.211547852E+02
 6.543616486E+01 2.222108765E+02
 6.533156586E+01 2.225541229E+02
 6.512968445E+01 2.234027100E+02
 6.487926483E+01 2.226324158E+02
 6.475333405E+01 2.224300842E+02
 6.469181061E+01 2.224639130E+02
 6.423709106E+01 2.240045013E+02
 6.419834900E+01 2.241571045E+02
 6.374679184E+01 2.257459564E+02
 6.371782684E+01 2.258303528E+02
 6.352900696E+01 2.261873932E+02
 6.327569580E+01 2.268510284E+02
 6.323628998E+01 2.267794952E+02
 6.279578400E+01 2.271114349E+02
 6.274970245E+01 2.271827545E+02
 6.231237411E+01 2.278722076E+02
 6.226712799E+01 2.278807831E+02
 6.182826996E+01 2.283093414E+02
 6.178430939E+01 2.283482971E+02
 6.134397125E+01 2.289213562E+02
 6.130128098E+01 2.289607697E+02
 6.085941315E+01 2.295489197E+02
 6.081793594E+01 2.295922394E+02
 6.037456894E+01 2.301634674E+02
 6.033425140E+01 2.302099304E+02
 5.988949585E+01 2.308778687E+02
 5.985028458E+01 2.309363098E+02
 5.940422058E+01 2.317165375E+02
 5.936603546E+01 2.317846222E+02
 5.891880035E+01 2.326946564E+02
 5.888153076E+01 2.327718964E+02
 5.843325043E+01 2.338070831E+02
 5.839675140E+01 2.338957367E+02
 5.794755554E+01 2.351103973E+02
 5.791165543E+01 2.352091675E+02
 5.746176910E+01 2.365796967E+02
 5.742634964E+01 2.366758270E+02
 5.697589111E+01 2.380457001E+02
 5.694075775E+01 2.381468506E+02
 5.648977661E+01 2.397388000E+02
 5.645492935E+01 2.398748627E+02
 5.600348663E+01 2.420355377E+02
 5.596900558E+01 2.422467651E+02
 5.551702499E+01 2.456656189E+02
 5.548287582E+01 2.460144806E+02
 5.503054047E+01 2.513944550E+02
 5.499663925E+01 2.518360443E+02
 5.454420090E+01 2.583327026E+02
 5.450984955E+01 2.587224731E+02
 5.405803680E+01 2.629318237E+02
 5.402310562E+01 2.630527649E+02
 5.357112885E+01 2.632983398E+02
 5.352872086E+01 2.632330017E+02
 5.317506409E+01 2.621905518E+02
 5.297803116E+01 2.614944153E+02
 5.279152679E+01 2.606891174E+02
 5.271511078E+01 2.606116943E+02
 5.238844299E+01 2.556934814E+02
 5.235570145E+01 2.548829193E+02
 5.215972900E+01 2.522499542E+02
 5.187288284E+01 2.482548370E+02
 5.181358337E+01 2.477153931E+02
 5.140581894E+01 2.447432098E+02
 5.131243134E+01 2.442341461E+02
 5.094533920E+01 2.423744507E+02
 5.080952835E+01 2.419291840E+02
 5.049876404E+01 2.409646912E+02
 5.032287216E+01 2.404704895E+02
 5.007982635E+01 2.398170929E+02
 4.985874939E+01 2.392732086E+02
 4.969986343E+01 2.388398132E+02
 4.944594955E+01 2.387535400E+02
 4.934429169E+01 2.386587372E+02
 4.906190109E+01 2.388359528E+02
 4.905931091E+01 2.388394165E+02
 4.905557251E+01 2.388331299E+02
 4.880873108E+01 2.382472687E+02
 4.869892502E+01 2.379886322E+02
 4.847886276E+01 2.376762543E+02
 4.845545197E+01 2.376276550E+02
 4.842658997E+01 2.376102448E+02
 4.817346573E+01 2.373605194E+02
 4.788235855E+01 2.370321503E+02
 4.787565613E+01 2.370234680E+02
 4.786476517E+01 2.370037384E+02
 4.756351852E+01 2.363594513E+02
 4.743819427E+01 2.361259766E+02
 4.725308609E+01 2.357191467E+02
 4.700158691E+01 2.353995972E+02
 4.688653183E+01 2.352644806E+02
 4.652826691E+01 2.349832153E+02
 4.648081589E+01 2.349686127E+02
 4.608374023E+01 2.343620453E+02
 4.604354858E+01 2.343002472E+02
 4.603928375E+01 2.342937927E+02
 4.557704926E+01 2.336054993E+02
 4.555530548E+01 2.335751190E+02
 4.511330414E+01 2.329077454E+02
 4.508820343E+01 2.328670502E+02
 4.464442444E+01 2.319374237E+02
 4.461672211E+01 2.318681335E+02
 4.416941833E+01 2.306970520E+02
 4.414139175E+01 2.306277161E+02
 4.375984955E+01 2.299710388E+02
 4.365846252E+01 2.300191345E+02
 4.347700500E+01 2.299818115E+02
 4.334075165E+01 2.295412598E+02
 4.323704910E+01 2.289393311E+02
 4.309460068E+01 2.279180145E+02
 4.296041870E+01 2.273684540E+02
 4.284425735E+01 2.272247925E+02
 4.268922806E+01 2.265696411E+02
 4.267561340E+01 2.264759674E+02
 4.248893356E+01 2.244734802E+02
 4.245878601E+01 2.242642670E+02
 4.237267303E+01 2.240540771E+02
 4.226279831E+01 2.238097992E+02
 4.222188950E+01 2.233057251E+02
 4.209435654E+01 2.217681732E+02
 4.194754028E+01 2.202524719E+02
 4.192612839E+01 2.200415802E+02
 4.191141510E+01 2.199331360E+02
 4.183947754E+01 2.191876678E+02
 4.174119949E+01 2.183500977E+02
 4.171745682E+01 2.180887451E+02
 4.158646011E+01 2.164148865E+02
 4.154746628E+01 2.158383331E+02
 4.147830582E+01 2.148298187E+02
 4.143334198E+01 2.136270599E+02
 4.131109619E+01 2.123626251E+02
 4.127173615E+01 2.120544434E+02
 4.124424362E+01 2.120181885E+02
 4.112187576E+01 2.111212006E+02
 4.107065964E+01 2.105082550E+02
 4.096367645E+01 2.076509247E+02
 4.087972260E+01 2.058515625E+02
 4.079209900E+01 2.046847839E+02
 4.061735916E+01 2.047760010E+02
 4.060345459E+01 2.051784515E+02
 4.059244156E+01 2.055247040E+02
 4.053682327E+01 2.061752777E+02
 4.037559891E+01 2.083398438E+02
 4.030473709E+01 2.095651550E+02
 4.020173645E+01 2.119294739E+02
 4.009806061E+01 2.144955292E+02
 3.999809647E+01 2.171432343E+02
 3.992695999E+01 2.192637177E+02
 3.980467987E+01 2.217044983E+02
 3.966280746E+01 2.245816498E+02
 3.956930923E+01 2.259351196E+02
 3.939248276E+01 2.288212433E+02
 3.926876068E+01 2.303396301E+02
 3.910714722E+01 2.324723969E+02
 3.885948181E+01 2.352334137E+02
 3.880870438E+01 2.357649384E+02
 3.872235489E+01 2.366487122E+02
 3.850198746E+01 2.389981384E+02
 3.841596603E+01 2.397809753E+02
 3.816778183E+01 2.418875732E+02
 3.800574875E+01 2.427025299E+02
 3.779116058E+01 2.438718719E+02
 3.759086609E+01 2.447192841E+02
 3.722023010E+01 2.468254547E+02
 3.721424866E+01 2.468521271E+02
 3.720722198E+01 2.468457031E+02
 3.684597778E+01 2.462139740E+02
 3.651736450E+01 2.433714142E+02
 3.642803574E+01 2.426589966E+02
 3.634709167E+01 2.419718781E+02
 3.594782639E+01 2.387448883E+02
 3.573960876E+01 2.373288879E+02
 3.550057220E+01 2.359748077E+02
 3.528350830E+01 2.349745636E+02
 3.513491440E+01 2.343729706E+02
 3.487775040E+01 2.335202179E+02
 3.480370331E+01 2.333118744E+02
 3.453923035E+01 2.326257019E+02
 3.443325806E+01 2.323542480E+02
 3.440529251E+01 2.322832336E+02
 3.401444244E+01 2.315796051E+02
 3.395926666E+01 2.314871368E+02
 3.358102417E+01 2.311131897E+02
 3.355466461E+01 2.310902557E+02
 3.346849060E+01 2.310776672E+02
 3.321748352E+01 2.310195770E+02
 3.309700394E+01 2.310877686E+02
 3.290934372E+01 2.311664124E+02
 3.275140762E+01 2.313478394E+02
 3.262228012E+01 2.314943848E+02
 3.239616776E+01 2.318891602E+02
 3.232445145E+01 2.320074768E+02
 3.229004288E+01 2.320852814E+02
 3.203112411E+01 2.326549988E+02
 3.193470192E+01 2.328948669E+02
 3.166396523E+01 2.336323853E+02
 3.159280968E+01 2.338441162E+02
 3.137949753E+01 2.345196533E+02
 3.124083900E+01 2.349538727E+02
 3.116150856E+01 2.352301483E+02
 3.088858032E+01 2.362115326E+02
 3.064122200E+01 2.371274719E+02
 3.058525848E+01 2.373283844E+02
 3.023138618E+01 2.387247467E+02
 3.019182777E+01 2.388853760E+02
 3.011022949E+01 2.392206573E+02
 2.976984215E+01 2.406957092E+02
 2.955261993E+01 2.416177673E+02
 2.947161102E+01 2.419678345E+02
 2.917614174E+01 2.432087860E+02
 2.912344933E+01 2.434188995E+02
 2.879676056E+01 2.447873840E+02
 2.874959183E+01 2.449846191E+02
 2.867131042E+01 2.452711334E+02
 2.845130730E+01 2.461421204E+02
 2.819212532E+01 2.470997467E+02
 2.817607307E+01 2.471634369E+02
 2.814830208E+01 2.472591705E+02
 2.786743546E+01 2.482950592E+02
 2.773658180E+01 2.486891785E+02
 2.756843948E+01 2.492470703E+02
 2.731427956E+01 2.499495239E+02
 2.730326462E+01 2.499832153E+02
 2.728574181E+01 2.500225830E+02
 2.700552940E+01 2.507513123E+02
 2.688622093E+01 2.510020752E+02
 2.668817902E+01 2.513701782E+02
 2.651854324E+01 2.515988464E+02
 2.632316017E+01 2.517602234E+02
 2.609537125E+01 2.517532654E+02
 2.594856071E+01 2.517220917E+02
 2.553621864E+01 2.512059021E+02
 2.548839569E+01 2.511606750E+02
 2.547455215E+01 2.511376495E+02
 2.545043755E+01 2.510802917E+02
 2.498808098E+01 2.501611481E+02
 2.479563904E+01 2.495714569E+02
 2.463737869E+01 2.491601105E+02
 2.441007805E+01 2.484584961E+02
 2.418483734E+01 2.477680817E+02
 2.405858612E+01 2.474086151E+02
 2.379844475E+01 2.467870941E+02
 2.346926117E+01 2.462352600E+02
 2.338345337E+01 2.461469421E+02
 2.325127411E+01 2.462174225E+02
 2.301179123E+01 2.463638916E+02
 2.288425064E+01 2.468878174E+02
 2.263939285E+01 2.475352936E+02
 2.239572906E+01 2.484956665E+02
 2.226122093E+01 2.492256165E+02
 2.195056343E+01 2.512923279E+02
 2.186442184E+01 2.518609161E+02
 2.183742523E+01 2.520589752E+02
 2.172479248E+01 2.530529480E+02
 2.136131859E+01 2.561828613E+02
 2.128707123E+01 2.565044556E+02
 2.115579033E+01 2.557517090E+02
 2.089953995E+01 2.557423248E+02
 2.058596802E+01 2.486937408E+02
 2.053280258E+01 2.475364532E+02
 2.050803947E+01 2.468563538E+02
 2.018354988E+01 2.365377808E+02
 2.010323524E+01 2.339923096E+02
 2.009717560E+01 2.337728119E+02
 2.007979012E+01 2.331542206E+02
 1.976821136E+01 2.228332214E+02
 1.963766289E+01 2.188209076E+02
 1.945562363E+01 2.108104553E+02
 1.922033691E+01 2.029871216E+02
 1.909066200E+01 1.999479218E+02
 1.881429482E+01 1.951048584E+02
 1.873962975E+01 1.960921936E+02
 1.838765907E+01 2.004744873E+02
 1.835622978E+01 2.008264465E+02
 1.834955215E+01 2.009240417E+02
 1.794973373E+01 2.078924255E+02
 1.788890076E+01 2.094497681E+02
 1.751486778E+01 2.136006012E+02
 1.744054031E+01 2.146419678E+02
 1.702299309E+01 2.186403809E+02
 1.698433113E+01 2.190271912E+02
 1.651260757E+01 2.227702637E+02
 1.650795364E+01 2.228120422E+02
 1.639577103E+01 2.235075073E+02
 1.603098869E+01 2.257855530E+02
 1.601643181E+01 2.258592834E+02
 1.552095795E+01 2.282890472E+02
 1.551931858E+01 2.282971649E+02
 1.537375355E+01 2.289782867E+02
 1.501738834E+01 2.306488495E+02
 1.501334286E+01 2.306641541E+02
 1.460923100E+01 2.320506592E+02
 1.450943089E+01 2.323932953E+02
 1.450843906E+01 2.323964386E+02
 1.400828743E+01 2.338934174E+02
 1.399822807E+01 2.339242706E+02
 1.383455372E+01 2.344797211E+02
 1.352475834E+01 2.355405121E+02
 1.350463676E+01 2.356103516E+02
 1.305582523E+01 2.374342499E+02
 1.297106647E+01 2.377616730E+02
 1.256915951E+01 2.389453888E+02
 1.247997093E+01 2.391505737E+02
 1.231912327E+01 2.396686859E+02
 1.202178669E+01 2.406267242E+02
 1.178037357E+01 2.418156128E+02
 1.164087677E+01 2.425575562E+02
 1.151615143E+01 2.432561035E+02
 1.126009846E+01 2.447407532E+02
 1.100163269E+01 2.467819519E+02
 1.092995834E+01 2.473630371E+02
 1.058333206E+01 2.497304535E+02
 1.053850269E+01 2.500406647E+02
 1.053279781E+01 2.500745697E+02
 1.008693027E+01 2.523133698E+02
 1.005918121E+01 2.524595795E+02
 9.588085175E+00 2.548861084E+02
 9.566948891E+00 2.549807434E+02
 9.088251114E+00 2.566583557E+02
 9.072811127E+00 2.567029114E+02
 8.591303825E+00 2.577363281E+02
 8.576791763E+00 2.577514343E+02
 8.093593597E+00 2.577641296E+02
 8.077067375E+00 2.577446899E+02
 7.602833271E+00 2.561260986E+02
 7.581604958E+00 2.560761108E+02
 7.092018604E+00 2.557788239E+02
 7.089814663E+00 2.557726593E+02
 7.000726223E+00 2.552812347E+02
 6.631531715E+00 2.532793427E+02
 6.622933865E+00 2.531884003E+02
 6.180092812E+00 2.499694672E+02
 6.106002808E+00 2.494286499E+02
 6.104589462E+00 2.494232635E+02
 6.102249622E+00 2.494164124E+02
 5.662598133E+00 2.482000275E+02
 5.445306301E+00 2.459096527E+02
 5.261628151E+00 2.437512817E+02
 5.013005733E+00 2.403041534E+02
 4.798661232E+00 2.370914917E+02
 4.539809704E+00 2.343181763E+02
 4.457454681E+00 2.334495850E+02
 4.176561832E+00 2.344939575E+02
 4.117535591E+00 2.347896576E+02
 4.045192719E+00 2.344508820E+02
 3.772614241E+00 2.314788208E+02
 3.653739452E+00 2.294650421E+02
 3.382540226E+00 2.276278381E+02
 3.113619328E+00 2.263917542E+02
 3.082851648E+00 2.261489868E+02
 3.010787249E+00 2.254209595E+02
 2.728683233E+00 2.222015991E+02
 2.481974125E+00 2.171786041E+02
 2.458443403E+00 2.166622772E+02
 2.204528809E+00 2.108851471E+02
 2.069510698E+00 2.079213715E+02
 1.902491689E+00 2.036253357E+02
 1.617029309E+00 1.944431305E+02
 1.603497863E+00 1.940605927E+02
 1.574523926E+00 1.929952698E+02
 1.326741576E+00 1.836887970E+02
 1.204248190E+00 1.795462646E+02
 1.076193571E+00 1.755654144E+02
 9.567291141E-01 1.698482666E+02
 9.193071127E-01 1.676674194E+02
 8.796769977E-01 1.636703644E+02
 8.997828960E-01 1.629862366E+02
 9.502702355E-01 1.627256317E+02
 9.889494181E-01 1.629977875E+02
 1.103778839E+00 1.642268219E+02
 1.130600214E+00 1.650074615E+02
 1.201253295E+00 1.668877716E+02
 1.243107677E+00 1.681226654E+02
 1.288588166E+00 1.677255249E+02
 1.362621546E+00 1.676410370E+02
 1.378710985E+00 1.675847015E+02
 1.414975643E+00 1.675197754E+02
 1.498607993E+00 1.683354950E+02
 1.542524815E+00 1.678983002E+02
 1.605916739E+00 1.676315155E+02
 1.699872851E+00 1.652341766E+02
 1.703988314E+00 1.651645508E+02
 1.706668019E+00 1.651029968E+02
 1.802396178E+00 1.587846375E+02
 1.849069357E+00 1.538709259E+02
 1.876044869E+00 1.503104858E+02
 1.938805699E+00 1.429407959E+02
 1.958329916E+00 1.425033264E+02
 2.000270367E+00 1.452673187E+02
 2.028882265E+00 1.467929535E+02
 2.099861145E+00 1.553134003E+02
 2.112480164E+00 1.575018005E+02
 2.126824617E+00 1.588427887E+02
 2.209234715E+00 1.671904755E+02
 2.263277769E+00 1.720764923E+02
 2.283111811E+00 1.737178497E+02
 2.341698408E+00 1.789158630E+02
 2.378081560E+00 1.818184357E+02
 2.435533762E+00 1.849623260E+02
 2.499999285E+00 1.901342010E+02
 2.513959885E+00 1.907708130E+02
 2.602034569E+00 1.964546204E+02
 2.616192341E+00 1.968492584E+02
 2.629269361E+00 1.975474091E+02
 2.658409119E+00 1.990579987E+02
 2.714974642E+00 2.017581787E+02
 2.773633957E+00 2.051360321E+02
 2.813567877E+00 2.069131775E+02
 2.875326157E+00 2.102389526E+02
 2.921178818E+00 2.130659637E+02
 2.973096371E+00 2.173581390E+02
 2.994665623E+00 2.194026489E+02
 3.013356209E+00 2.209410248E+02
 3.082851887E+00 2.267210388E+02
 3.147758245E+00 2.313138885E+02
 3.185085058E+00 2.337486420E+02
 3.298805952E+00 2.387708893E+02
 3.306403399E+00 2.390668945E+02
 3.395812988E+00 2.411981964E+02
 3.423169613E+00 2.418364105E+02
 3.425695181E+00 2.418258514E+02
 3.540878057E+00 2.395212250E+02
 3.659287930E+00 2.397446899E+02
 3.683992624E+00 2.398977356E+02
 3.806519747E+00 2.416785889E+02
 3.862419844E+00 2.414522247E+02
 3.965228319E+00 2.399598389E+02
 4.121315956E+00 2.381148071E+02
 4.222069263E+00 2.370198975E+02
 4.319478989E+00 2.373190613E+02
 4.457454681E+00 2.367569275E+02
 4.575470448E+00 2.374486084E+02
 4.693499088E+00 2.383657532E+02
 4.859601021E+00 2.395351868E+02
 5.021853447E+00 2.405661469E+02
 5.250041008E+00 2.423754883E+02
 5.350326061E+00 2.432931061E+02
 5.463863373E+00 2.436225586E+02
 5.651714325E+00 2.450692291E+02
 5.739519596E+00 2.446160583E+02
 6.130300999E+00 2.450710907E+02
 6.172035217E+00 2.451796265E+02
 6.521951675E+00 2.475037231E+02
 6.609614372E+00 2.480827484E+02
 6.617798328E+00 2.481256256E+02
 7.084446430E+00 2.504302216E+02
 7.100768566E+00 2.505098114E+02
 7.575700760E+00 2.527495117E+02
 7.591786385E+00 2.528231964E+02
 8.073780060E+00 2.548856201E+02
 8.082034111E+00 2.549208679E+02
 8.567656517E+00 2.569046326E+02
 8.571898460E+00 2.569218750E+02
 9.061552048E+00 2.587408142E+02
 9.070258141E+00 2.587727661E+02
 9.558553696E+00 2.605055542E+02
 9.571062088E+00 2.605477905E+02
 1.005079937E+01 2.621022644E+02
 1.006701756E+01 2.621519775E+02
 1.043359661E+01 2.634289551E+02
 1.052332020E+01 2.637427673E+02
 1.052748585E+01 2.637497864E+02
 1.089820766E+01 2.640979919E+02
 1.097942448E+01 2.639234314E+02
 1.124319077E+01 2.630968628E+02
 1.150176907E+01 2.617826843E+02
 1.163204575E+01 2.610894165E+02
 1.177136612E+01 2.593603516E+02
 1.202178669E+01 2.561752930E+02
 1.227626610E+01 2.520115509E+02
 1.240852928E+01 2.498605499E+02
 1.252787495E+01 2.485104370E+02
 1.279447079E+01 2.455541382E+02
 1.307105446E+01 2.442008820E+02
 1.314007282E+01 2.439020233E+02
 1.351662064E+01 2.430997772E+02
 1.351998329E+01 2.430926514E+02
 1.352035141E+01 2.430915985E+02
 1.398529434E+01 2.416440125E+02
 1.400085545E+01 2.416001587E+02
 1.449104881E+01 2.403844452E+02
 1.449973869E+01 2.403681030E+02
 1.499998093E+01 2.395429230E+02
 1.500182629E+01 2.395403137E+02
 1.533153534E+01 2.391436920E+02
 1.550619411E+01 2.389333496E+02
 1.550721359E+01 2.389322968E+02
 1.601697540E+01 2.384553986E+02
 1.602116203E+01 2.384515533E+02
 1.652344513E+01 2.380836792E+02
 1.652870369E+01 2.380805054E+02
 1.703563690E+01 2.379293518E+02
 1.703569412E+01 2.379293365E+02
 1.704694939E+01 2.379290009E+02
 1.754435349E+01 2.379129639E+02
 1.754675102E+01 2.379132538E+02
 1.804701805E+01 2.380292511E+02
 1.805236626E+01 2.380316467E+02
 1.854733849E+01 2.381194611E+02
 1.855943871E+01 2.381324158E+02
 1.900339317E+01 2.388630524E+02
 1.903462410E+01 2.388589020E+02
 1.942130280E+01 2.387019653E+02
 1.951808357E+01 2.388831635E+02
 1.979998016E+01 2.397894897E+02
 2.000444794E+01 2.406908569E+02
 2.012773895E+01 2.411485138E+02
 2.028164673E+01 2.413915100E+02
 2.051539230E+01 2.417511444E+02
 2.072141457E+01 2.426040192E+02
 2.088005066E+01 2.432639465E+02
 2.104173279E+01 2.436669922E+02
 2.120604515E+01 2.439732208E+02
 2.151041603E+01 2.446903687E+02
 2.157736588E+01 2.449694824E+02
 2.196746635E+01 2.478153534E+02
 2.199654770E+01 2.479943237E+02
 2.241930771E+01 2.500597076E+02
 2.244803429E+01 2.502013702E+02
 2.290257072E+01 2.528761749E+02
 2.293138504E+01 2.530369263E+02
 2.338756561E+01 2.558918915E+02
 2.341653824E+01 2.560538635E+02
 2.387413979E+01 2.585415649E+02
 2.390327835E+01 2.586865845E+02
 2.436218452E+01 2.609841614E+02
 2.439148903E+01 2.611064758E+02
 2.485161781E+01 2.628480225E+02
 2.488106537E+01 2.629335327E+02
 2.534233093E+01 2.639129639E+02
 2.537188911E+01 2.639533691E+02
 2.583406639E+01 2.641454773E+02
 2.586374855E+01 2.641449280E+02
 2.632654953E+01 2.637412415E+02
 2.635634804E+01 2.637134705E+02
 2.681941223E+01 2.630468445E+02
 2.684918976E+01 2.630097351E+02
 2.731225586E+01 2.623710327E+02
 2.734190178E+01 2.623338013E+02
 2.780513954E+01 2.617398376E+02
 2.783465958E+01 2.617011108E+02
 2.829807091E+01 2.610628052E+02
 2.832749367E+01 2.610176086E+02
 2.879103088E+01 2.602221069E+02
 2.882038498E+01 2.601661987E+02
 2.928400993E+01 2.591518555E+02
 2.931332016E+01 2.590846252E+02
 2.977699089E+01 2.579027100E+02
 2.980628777E+01 2.578264771E+02
 3.026995468E+01 2.565214844E+02
 3.029926872E+01 2.564377136E+02
 3.076289368E+01 2.550178680E+02
 3.079224777E+01 2.549277649E+02
 3.125578499E+01 2.534044952E+02
 3.128520966E+01 2.533102875E+02
 3.174922943E+01 2.517615662E+02
 3.177844238E+01 2.516675262E+02
 3.224339294E+01 2.501307983E+02
 3.227177048E+01 2.500413513E+02
 3.273553848E+01 2.485268860E+02
 3.276309967E+01 2.484426422E+02
 3.322067642E+01 2.470431061E+02
 3.324899673E+01 2.469626160E+02
 3.370131683E+01 2.456471863E+02
 3.373008728E+01 2.455707550E+02
 3.417292404E+01 2.444683228E+02
 3.420302200E+01 2.444000854E+02
 3.465105438E+01 2.434180908E+02
 3.467992783E+01 2.433603668E+02
 3.512369537E+01 2.425447388E+02
 3.515180969E+01 2.424987030E+02
 3.560533905E+01 2.418749847E+02
 3.563444519E+01 2.418332367E+02
 3.608637619E+01 2.411979370E+02
 3.611454010E+01 2.411629639E+02
 3.657212067E+01 2.406652374E+02
 3.660114670E+01 2.406332550E+02
 3.706266403E+01 2.401588898E+02
 3.709125900E+01 2.401310120E+02
 3.755644608E+01 2.397033844E+02
 3.758358383E+01 2.396799316E+02
 3.805199814E+01 2.392916718E+02
 3.807789230E+01 2.392715302E+02
 3.854727554E+01 2.389290924E+02
 3.857226181E+01 2.389120178E+02
 3.904283905E+01 2.386113281E+02
 3.906740952E+01 2.385966034E+02
 3.953850937E+01 2.383331146E+02
 3.956287003E+01 2.383206024E+02
 4.003418732E+01 2.380971985E+02
 4.005847931E+01 2.380867920E+02
 4.052979279E+01 2.379091339E+02
 4.055416107E+01 2.379008942E+02
 4.102524948E+01 2.377634277E+02
 4.104983139E+01 2.377571106E+02
 4.152047729E+01 2.376578827E+02
 4.154541779E+01 2.376534729E+02
 4.201538467E+01 2.375895081E+02
 4.204083633E+01 2.375868530E+02
 4.250984192E+01 2.375619659E+02
 4.253600311E+01 2.375611267E+02
 4.300370407E+01 2.375638580E+02
 4.303082275E+01 2.375644226E+02
 4.349715805E+01 2.376079254E+02
 4.352534866E+01 2.376104126E+02
 4.399114990E+01 2.376663208E+02
 4.401979828E+01 2.376696625E+02
 4.448361969E+01 2.377411346E+02
 4.451190567E+01 2.377451477E+02
 4.497265244E+01 2.377999420E+02
 4.500024414E+01 2.378036499E+02
 4.545768738E+01 2.378316498E+02
 4.548404312E+01 2.378314056E+02
 4.594271469E+01 2.379309540E+02
 4.596381760E+01 2.379326477E+02
 4.622772980E+01 2.378784027E+02
 4.642015457E+01 2.378388214E+02
 4.643814087E+01 2.378375854E+02
 4.683820724E+01 2.381730652E+02
 4.693225861E+01 2.383529053E+02
 4.720858002E+01 2.386679535E+02
 4.741145706E+01 2.388427124E+02
 4.755009460E+01 2.389734650E+02
 4.786019897E+01 2.392811127E+02
 4.787094498E+01 2.392897949E+02
 4.787747574E+01 2.392912598E+02
 4.818243408E+01 2.392870331E+02
 4.842747498E+01 2.394290314E+02
 4.845495224E+01 2.394344330E+02
 4.847760773E+01 2.394508667E+02
 4.870005798E+01 2.395236969E+02
 4.880567932E+01 2.398166504E+02
 4.902617645E+01 2.398729553E+02
 4.913026428E+01 2.399502411E+02
 4.919879532E+01 2.400980072E+02
 4.949045563E+01 2.400075073E+02
 4.962433624E+01 2.397769928E+02
 4.988410950E+01 2.396380310E+02
 5.008560181E+01 2.394243622E+02
 5.032689285E+01 2.398806458E+02
 5.050588989E+01 2.402414703E+02
 5.080894852E+01 2.405784302E+02
 5.094708252E+01 2.407600708E+02
 5.129680634E+01 2.411334686E+02
 5.139970779E+01 2.411993103E+02
 5.179263306E+01 2.411440125E+02
 5.185960770E+01 2.411677399E+02
 5.208562088E+01 2.414439545E+02
 5.235033035E+01 2.417707520E+02
 5.243998337E+01 2.422413025E+02
 5.271447372E+01 2.436894073E+02
 5.295036697E+01 2.439915314E+02
 5.308986664E+01 2.439550018E+02
 5.351552200E+01 2.435556641E+02
 5.356073761E+01 2.435905609E+02
 5.401545334E+01 2.445466309E+02
 5.405225372E+01 2.446314850E+02
 5.450867462E+01 2.454278412E+02
 5.454411316E+01 2.454843140E+02
 5.500145721E+01 2.461401978E+02
 5.503619766E+01 2.461946106E+02
 5.549382782E+01 2.468906860E+02
 5.552832413E+01 2.469456940E+02
 5.598595810E+01 2.475440674E+02
 5.602051544E+01 2.475955811E+02
 5.647796631E+01 2.483275146E+02
 5.651269913E+01 2.483972778E+02
 5.696966171E+01 2.491294250E+02
 5.700461197E+01 2.491428680E+02
 5.746074677E+01 2.486204376E+02
 5.749673843E+01 2.485138855E+02
 5.795179749E+01 2.473661041E+02
 5.798910141E+01 2.472626038E+02
 5.844271088E+01 2.466430206E+02
 5.848132324E+01 2.465807953E+02
 5.893338013E+01 2.461351166E+02
 5.897335434E+01 2.460767212E+02
 5.942388535E+01 2.455409546E+02
 5.946518707E+01 2.454844208E+02
 5.991431808E+01 2.449236755E+02
 5.995699692E+01 2.448785248E+02
 6.040473175E+01 2.443854523E+02
 6.044885254E+01 2.443403015E+02
 6.089468765E+01 2.440248260E+02
 6.094132614E+01 2.439836426E+02
 6.138420105E+01 2.438095245E+02
 6.143281174E+01 2.437516479E+02
 6.187101364E+01 2.427102051E+02
 6.192343903E+01 2.425835114E+02
 6.237073135E+01 2.397172546E+02
 6.240277100E+01 2.396075745E+02
 6.285760880E+01 2.380973206E+02
 6.288259506E+01 2.380756226E+02
 6.319955444E+01 2.383672028E+02
 6.335607529E+01 2.385031891E+02
 6.336729813E+01 2.385366516E+02
 6.342439270E+01 2.386221924E+02
 6.379669952E+01 2.391859741E+02
 6.387372971E+01 2.389971619E+02
 6.421163940E+01 2.381683044E+02
 6.429024506E+01 2.379199219E+02
 6.468599701E+01 2.358027802E+02
 6.470935822E+01 2.356583252E+02
 6.472880554E+01 2.356736145E+02
 6.516344452E+01 2.342953339E+02
 6.518107605E+01 2.342168579E+02
 6.520538330E+01 2.341439209E+02
 6.558098602E+01 2.351222076E+02
 6.573970795E+01 2.356057129E+02
 6.592106628E+01 2.358992767E+02
 6.626603699E+01 2.327988586E+02
 6.627899170E+01 2.326492615E+02
 6.631336212E+01 2.325232544E+02
 6.671566010E+01 2.305685120E+02
 6.684188843E+01 2.307574310E+02
 6.715700531E+01 2.317341309E+02
 6.732195282E+01 2.317912598E+02
 6.758916473E+01 2.319146423E+02
 6.778497314E+01 2.337629089E+02
 6.799423981E+01 2.352456970E+02
 6.822536469E+01 2.357301788E+02
 6.838258362E+01 2.338212738E+02
 6.862438202E+01 2.314507446E+02
 6.882849121E+01 2.324764404E+02
 6.896234131E+01 2.356502686E+02
 6.912374115E+01 2.377125549E+02
 6.920354462E+01 2.364522552E+02
 6.945414734E+01 2.324613037E+02
 6.946854401E+01 2.321858673E+02
 6.947253418E+01 2.322171631E+02
 6.949166870E+01 2.324596100E+02
 6.970006561E+01 2.340381317E+02
 6.982112885E+01 2.332442169E+02
 6.987417603E+01 2.326300812E+02
 6.991790771E+01 2.316063080E+02
 7.001323700E+01 2.290634918E+02
 7.010617828E+01 2.275268860E+02
 7.013465881E+01 2.270880280E+02
 7.018372345E+01 2.270068817E+02
 7.024302673E+01 2.269754333E+02
 7.026974487E+01 2.267496948E+02
 7.032446289E+01 2.263259125E+02
 7.034841156E+01 2.259944305E+02
 7.041020203E+01 2.250961761E+02
 7.042031097E+01 2.249268036E+02
 7.047604370E+01 2.241055908E+02
 7.048368835E+01 2.241452179E+02
