TITLE     = "VTK Data"
VARIABLES = "X"
"Velocity_X"
ZONE T="Slice: Y=4.059 (region 1)"
 STRANDID=336, SOLUTIONTIME=772
 I=258, J=1, K=1, ZONETYPE=Ordered
 DATAPACKING=POINT
 DT=(SINGLE SINGLE )
 3.350498962E+01 1.778655090E+02
 3.350448990E+01 1.816382294E+02
 3.350412750E+01 1.828568726E+02
 3.341088104E+01 1.921424408E+02
 3.340633011E+01 1.929168243E+02
 3.339913940E+01 1.930260468E+02
 3.329763794E+01 1.947033386E+02
 3.319168091E+01 1.932758484E+02
 3.318345261E+01 1.931698456E+02
 3.317753220E+01 1.932630463E+02
 3.306670380E+01 1.951307678E+02
 3.301486969E+01 1.953738098E+02
 3.295479202E+01 1.956065063E+02
 3.287877655E+01 1.969399872E+02
 3.285653305E+01 1.973522491E+02
 3.280032730E+01 1.981624298E+02
 3.276786423E+01 1.986226501E+02
 3.275120544E+01 1.989443359E+02
 3.267902374E+01 2.002589111E+02
 3.260722351E+01 2.016266937E+02
 3.259070969E+01 2.019353485E+02
 3.256578445E+01 2.024613647E+02
 3.248578644E+01 2.041867676E+02
 3.244139099E+01 2.050952454E+02
 3.235933685E+01 2.067323761E+02
 3.229197311E+01 2.081376190E+02
 3.225331116E+01 2.089664459E+02
 3.215198898E+01 2.110512695E+02
 3.211314774E+01 2.118136597E+02
 3.205850220E+01 2.129683990E+02
 3.197417068E+01 2.147234497E+02
 3.185717010E+01 2.171149750E+02
 3.180563164E+01 2.181355591E+02
 3.169763756E+01 2.201010284E+02
 3.168335533E+01 2.203680115E+02
 3.166524696E+01 2.207416687E+02
 3.155942726E+01 2.229395599E+02
 3.152430916E+01 2.236701965E+02
 3.134937668E+01 2.270248108E+02
 3.127851105E+01 2.283085632E+02
 3.116353226E+01 2.302402802E+02
 3.097655106E+01 2.333416748E+02
 3.082023239E+01 2.355467682E+02
 3.062242126E+01 2.384633636E+02
 3.029503250E+01 2.425098877E+02
 3.023235321E+01 2.433549805E+02
 3.017628098E+01 2.440362244E+02
 2.982335281E+01 2.481309357E+02
 2.975182152E+01 2.489792938E+02
 2.968060112E+01 2.497575684E+02
 2.947486496E+01 2.520131989E+02
 2.945132256E+01 2.522794647E+02
 2.926363945E+01 2.542501221E+02
 2.924063873E+01 2.544927673E+02
 2.901973343E+01 2.567531128E+02
 2.901557350E+01 2.567960205E+02
 2.901061440E+01 2.568474426E+02
 2.883608246E+01 2.586175842E+02
 2.879537582E+01 2.590319214E+02
 2.870445061E+01 2.599635925E+02
 2.863749695E+01 2.606648865E+02
 2.854160118E+01 2.616837463E+02
 2.848537064E+01 2.623016968E+02
 2.842205238E+01 2.630157471E+02
 2.834064293E+01 2.638891296E+02
 2.833152199E+01 2.639878845E+02
 2.830865860E+01 2.642247620E+02
 2.821962357E+01 2.651342773E+02
 2.819453239E+01 2.654042053E+02
 2.812948036E+01 2.661545410E+02
 2.809599113E+01 2.665316162E+02
 2.800651360E+01 2.675360107E+02
 2.799497604E+01 2.676759644E+02
 2.790381241E+01 2.687763062E+02
 2.787355042E+01 2.691707153E+02
 2.781406593E+01 2.699070435E+02
 2.777538490E+01 2.703322449E+02
 2.771047974E+01 2.711151733E+02
 2.766306686E+01 2.716965027E+02
 2.760159874E+01 2.725039673E+02
 2.754377937E+01 2.732201233E+02
 2.750209808E+01 2.736941528E+02
 2.745736504E+01 2.742979736E+02
 2.738165283E+01 2.753875122E+02
 2.728736687E+01 2.769584045E+02
 2.726961136E+01 2.772327881E+02
 2.714587784E+01 2.793562012E+02
 2.714400864E+01 2.793891296E+02
 2.699529076E+01 2.816094666E+02
 2.698462677E+01 2.817211914E+02
 2.683473206E+01 2.831893005E+02
 2.670875168E+01 2.842321167E+02
 2.643212891E+01 2.868100586E+02
 2.635562515E+01 2.874990234E+02
 2.624165154E+01 2.881618652E+02
 2.601144791E+01 2.893718567E+02
 2.582944489E+01 2.882331238E+02
 2.568660927E+01 2.872144470E+02
 2.551167107E+01 2.848786621E+02
 2.537375259E+01 2.830102539E+02
 2.519733620E+01 2.790565796E+02
 2.506448746E+01 2.769638977E+02
 2.494181824E+01 2.748137817E+02
 2.472147942E+01 2.704100037E+02
 2.461494827E+01 2.682807922E+02
 2.450772285E+01 2.646404724E+02
 2.443026924E+01 2.623831787E+02
 2.430625534E+01 2.580673218E+02
 2.420188522E+01 2.540876160E+02
 2.401402092E+01 2.484164581E+02
 2.390012169E+01 2.449086609E+02
 2.371004677E+01 2.375735626E+02
 2.360117531E+01 2.343681793E+02
 2.349854469E+01 2.305698395E+02
 2.329089355E+01 2.230185089E+02
 2.317192650E+01 2.174166412E+02
 2.306232262E+01 2.117443085E+02
 2.289352226E+01 2.006928101E+02
 2.287298012E+01 1.991990509E+02
 2.284804153E+01 1.970717926E+02
 2.271349335E+01 1.859552917E+02
 2.262135506E+01 1.756441040E+02
 2.258083344E+01 1.713791809E+02
 2.251954269E+01 1.627699280E+02
 2.247164726E+01 1.559782562E+02
 2.245199394E+01 1.520372009E+02
 2.238332367E+01 1.381325226E+02
 2.234325981E+01 1.281602325E+02
 2.231374741E+01 1.196425552E+02
 2.227182388E+01 1.020994263E+02
 2.226159096E+01 9.791786194E+01
 2.222845268E+01 7.920613861E+01
 2.222631836E+01 7.805318451E+01
 2.220847130E+01 6.973542786E+01
 2.220766449E+01 6.935821533E+01
 2.220765495E+01 6.938627625E+01
 2.220393753E+01 7.953652954E+01
 2.220721436E+01 9.067633057E+01
 2.221222496E+01 1.076991806E+02
 2.221265984E+01 1.085107040E+02
 2.223543930E+01 1.500797119E+02
 2.223987198E+01 1.553065186E+02
 2.227644157E+01 1.973163452E+02
 2.229335785E+01 2.092687225E+02
 2.233622932E+01 2.385418243E+02
 2.238165092E+01 2.564325562E+02
 2.241544724E+01 2.691596680E+02
 2.250989342E+01 2.886501465E+02
 2.251523972E+01 2.897650757E+02
 2.251832390E+01 2.901071167E+02
 2.263746643E+01 3.030910339E+02
 2.274008369E+01 3.089385376E+02
 2.278431702E+01 3.113540649E+02
 2.283757019E+01 3.133222656E+02
 2.295861816E+01 3.185922852E+02
 2.301572609E+01 3.230976257E+02
 2.311005974E+01 3.249225159E+02
 2.318538284E+01 3.267645874E+02
 2.333287621E+01 3.277415161E+02
 2.343177223E+01 3.286361389E+02
 2.353264046E+01 3.294083557E+02
 2.369830513E+01 3.310702515E+02
 2.377723312E+01 3.319732666E+02
 2.383287811E+01 3.320131836E+02
 2.404397583E+01 3.325112610E+02
 2.430545807E+01 3.312257385E+02
 2.439006042E+01 3.310228271E+02
 2.444957161E+01 3.307783203E+02
 2.479320908E+01 3.288608704E+02
 2.483930206E+01 3.285644836E+02
 2.522593689E+01 3.248862000E+02
 2.523266983E+01 3.247781677E+02
 2.563175011E+01 3.123410034E+02
 2.566361046E+01 3.106923218E+02
 2.598423576E+01 2.910788269E+02
 2.609585190E+01 2.844179077E+02
 2.630746460E+01 2.747363281E+02
 2.649457741E+01 2.705014038E+02
 2.658290291E+01 2.695724182E+02
 2.682407188E+01 2.711237183E+02
 2.683710098E+01 2.712367859E+02
 2.688252068E+01 2.718023987E+02
 2.707849503E+01 2.743245544E+02
 2.712613869E+01 2.748325500E+02
 2.728128433E+01 2.761645813E+02
 2.736319733E+01 2.764671021E+02
 2.751627159E+01 2.766930847E+02
 2.761252022E+01 2.767174377E+02
 2.776533508E+01 2.767441101E+02
 2.788164902E+01 2.767916565E+02
 2.793714142E+01 2.767973633E+02
 2.805625343E+01 2.766563110E+02
 2.811967087E+01 2.764569397E+02
 2.823018837E+01 2.761456604E+02
 2.836331177E+01 2.756156921E+02
 2.842039871E+01 2.754488831E+02
 2.865790749E+01 2.743540039E+02
 2.865933990E+01 2.743479614E+02
 2.866069031E+01 2.743424377E+02
 2.896821594E+01 2.731347961E+02
 2.910032082E+01 2.726066589E+02
 2.929158401E+01 2.718742981E+02
 2.955636787E+01 2.704187012E+02
 2.965504646E+01 2.698986206E+02
 3.002762985E+01 2.671077271E+02
 3.006954956E+01 2.667597046E+02
 3.050864601E+01 2.620816040E+02
 3.051618004E+01 2.619982605E+02
 3.052328300E+01 2.619030457E+02
 3.055267906E+01 2.615190125E+02
 3.083393669E+01 2.579318237E+02
 3.098473740E+01 2.557295380E+02
 3.105609322E+01 2.547629852E+02
 3.116910553E+01 2.532069244E+02
 3.125583267E+01 2.520166779E+02
 3.134317398E+01 2.508447723E+02
 3.144342995E+01 2.495903320E+02
 3.150202370E+01 2.488980255E+02
 3.160544968E+01 2.476797791E+02
 3.164041138E+01 2.472591248E+02
 3.176097679E+01 2.458004913E+02
 3.178806877E+01 2.454851227E+02
 3.183874321E+01 2.449152222E+02
 3.190821266E+01 2.441608582E+02
 3.195597839E+01 2.435899506E+02
 3.200912857E+01 2.429938202E+02
 3.205652618E+01 2.424394226E+02
 3.210807800E+01 2.418260651E+02
 3.217461777E+01 2.409602051E+02
 3.222886658E+01 2.402815857E+02
 3.229805374E+01 2.394283447E+02
 3.232471848E+01 2.390956726E+02
 3.237257385E+01 2.385030060E+02
 3.242991257E+01 2.377217102E+02
 3.243967438E+01 2.375831299E+02
 3.252113342E+01 2.363532257E+02
 3.252916718E+01 2.362353668E+02
 3.261917496E+01 2.348768463E+02
 3.263263321E+01 2.346743469E+02
 3.263356018E+01 2.346612091E+02
 3.263539124E+01 2.346320801E+02
 3.271644592E+01 2.333359222E+02
 3.275495529E+01 2.326335754E+02
 3.279524612E+01 2.318584595E+02
 3.283244324E+01 2.311164398E+02
 3.290430069E+01 2.295821075E+02
 3.294394684E+01 2.286992950E+02
 3.300922775E+01 2.270886383E+02
 3.307630920E+01 2.254030762E+02
 3.309113693E+01 2.249774170E+02
 3.314599991E+01 2.228944397E+02
 3.318690109E+01 2.213449249E+02
 3.320078659E+01 2.206873322E+02
 3.329433441E+01 2.157214508E+02
 3.339168549E+01 2.081053925E+02
 3.340395737E+01 2.070236664E+02
 3.341408157E+01 2.037358551E+02
 3.350498962E+01 1.778655090E+02
