TITLE     = "VTK Data"
VARIABLES = "X"
"Velocity_X"
ZONE T="Slice: Y=5.683 (region 1)"
 STRANDID=346, SOLUTIONTIME=772
 I=199, J=1, K=1, ZONETYPE=Ordered
 DATAPACKING=POINT
 DT=(SINGLE SINGLE )
 3.375401688E+01 1.957630157E+02
 3.375354767E+01 1.909445190E+02
 3.375327682E+01 1.889291992E+02
 3.367005920E+01 1.892591553E+02
 3.357209015E+01 1.904216309E+02
 3.351054382E+01 1.909436951E+02
 3.336878967E+01 1.921164093E+02
 3.319600677E+01 1.917436981E+02
 3.315303040E+01 1.916629791E+02
 3.306111526E+01 1.936683655E+02
 3.292616272E+01 1.966039276E+02
 3.286055374E+01 1.977305298E+02
 3.267940903E+01 2.007854767E+02
 3.248085785E+01 2.048448639E+02
 3.244004440E+01 2.056876831E+02
 3.236211395E+01 2.072850952E+02
 3.221559906E+01 2.102769165E+02
 3.213329315E+01 2.119673004E+02
 3.198662949E+01 2.149776459E+02
 3.177946091E+01 2.190328217E+02
 3.175301361E+01 2.195539703E+02
 3.173521042E+01 2.199045258E+02
 3.152296638E+01 2.240389099E+02
 3.140307236E+01 2.263888092E+02
 3.133112335E+01 2.278236237E+02
 3.114365768E+01 2.314099121E+02
 3.108339500E+01 2.325076447E+02
 3.100185204E+01 2.340147858E+02
 3.081992912E+01 2.374031982E+02
 3.059803200E+01 2.413190765E+02
 3.059020615E+01 2.414618225E+02
 3.055990028E+01 2.419764709E+02
 3.035943031E+01 2.454081421E+02
 3.032227707E+01 2.460085449E+02
 3.008941460E+01 2.494684906E+02
 3.004001808E+01 2.501447144E+02
 2.993151665E+01 2.515928650E+02
 2.975466919E+01 2.539836731E+02
 2.964421463E+01 2.553827057E+02
 2.950239182E+01 2.571828308E+02
 2.929918861E+01 2.593970032E+02
 2.926359749E+01 2.597794800E+02
 2.901887131E+01 2.620738525E+02
 2.899579430E+01 2.622980957E+02
 2.894696045E+01 2.627394409E+02
 2.874826431E+01 2.644701538E+02
 2.863558006E+01 2.654644165E+02
 2.852771759E+01 2.664622803E+02
 2.837133598E+01 2.678314209E+02
 2.834341049E+01 2.680512085E+02
 2.829425049E+01 2.683931885E+02
 2.814815521E+01 2.693821411E+02
 2.809512711E+01 2.698205872E+02
 2.789741707E+01 2.712731934E+02
 2.776620293E+01 2.726603088E+02
 2.763038635E+01 2.740065308E+02
 2.743322945E+01 2.762350769E+02
 2.742352676E+01 2.763247986E+02
 2.723076439E+01 2.780835266E+02
 2.713420868E+01 2.792127380E+02
 2.691654587E+01 2.822173157E+02
 2.681595802E+01 2.838648682E+02
 2.661372185E+01 2.866494446E+02
 2.650085258E+01 2.878359375E+02
 2.629574776E+01 2.883971863E+02
 2.619317055E+01 2.883028259E+02
 2.608417702E+01 2.875636292E+02
 2.587308884E+01 2.860204163E+02
 2.576027870E+01 2.837516785E+02
 2.562281799E+01 2.807273865E+02
 2.550690651E+01 2.777604065E+02
 2.535079575E+01 2.738065491E+02
 2.513903809E+01 2.674175720E+02
 2.510634804E+01 2.665279541E+02
 2.508298683E+01 2.658265076E+02
 2.486676407E+01 2.584332275E+02
 2.481714821E+01 2.565499878E+02
 2.462726212E+01 2.491815796E+02
 2.457905006E+01 2.473959198E+02
 2.438330841E+01 2.383643341E+02
 2.436193848E+01 2.374042206E+02
 2.432662964E+01 2.355600739E+02
 2.415571022E+01 2.265115204E+02
 2.398439789E+01 2.154233551E+02
 2.398049164E+01 2.151668854E+02
 2.397474670E+01 2.147075043E+02
 2.383281136E+01 2.034633636E+02
 2.377612305E+01 1.978464355E+02
 2.370889473E+01 1.910623932E+02
 2.362703514E+01 1.804700775E+02
 2.360571289E+01 1.776516876E+02
 2.353361130E+01 1.649230499E+02
 2.352067947E+01 1.626572113E+02
 2.351829910E+01 1.620800171E+02
 2.345162773E+01 1.454716949E+02
 2.344024086E+01 1.415027771E+02
 2.339711380E+01 1.260226898E+02
 2.338343239E+01 1.193013153E+02
 2.335619545E+01 1.054647751E+02
 2.334458160E+01 9.820084381E+01
 2.332849693E+01 8.775784302E+01
 2.332159615E+01 8.435849762E+01
 2.331377602E+01 8.032289124E+01
 2.331221008E+01 8.494389343E+01
 2.331055641E+01 8.986609650E+01
 2.331332207E+01 1.023528595E+02
 2.331599426E+01 1.139039078E+02
 2.332435799E+01 1.335106201E+02
 2.333163452E+01 1.499596252E+02
 2.334840584E+01 1.761551819E+02
 2.336008263E+01 1.937413483E+02
 2.338913345E+01 2.233960876E+02
 2.340270042E+01 2.367115021E+02
 2.344989967E+01 2.665906372E+02
 2.346033096E+01 2.728890686E+02
 2.352952766E+01 2.982584534E+02
 2.353401184E+01 2.999162292E+02
 2.353513908E+01 3.001542969E+02
 2.362529564E+01 3.179707031E+02
 2.365660286E+01 3.213603210E+02
 2.373607254E+01 3.293794556E+02
 2.382404327E+01 3.342407532E+02
 2.386867523E+01 3.365436401E+02
 2.396918869E+01 3.394526978E+02
 2.402592850E+01 3.411013794E+02
 2.406869507E+01 3.416621399E+02
 2.421094513E+01 3.434382629E+02
 2.439227104E+01 3.437359619E+02
 2.442695427E+01 3.437929382E+02
 2.465140915E+01 3.429364319E+02
 2.465225792E+01 3.429327698E+02
 2.466755867E+01 3.427908630E+02
 2.489846039E+01 3.406620178E+02
 2.491293335E+01 3.405494690E+02
 2.514105606E+01 3.385119019E+02
 2.517309952E+01 3.383939514E+02
 2.537608528E+01 3.375426025E+02
 2.543986320E+01 3.372109375E+02
 2.560467529E+01 3.363699341E+02
 2.579719734E+01 3.299719849E+02
 2.587377739E+01 3.284365845E+02
 2.592794609E+01 3.254308777E+02
 2.619112968E+01 3.012025452E+02
 2.623274040E+01 2.966312256E+02
 2.651747894E+01 2.764612732E+02
 2.656387138E+01 2.733609619E+02
 2.686622238E+01 2.696174011E+02
 2.686907578E+01 2.695758667E+02
 2.686952972E+01 2.695826721E+02
 2.713842201E+01 2.740820923E+02
 2.738367462E+01 2.783533020E+02
 2.743851471E+01 2.792971497E+02
 2.745453835E+01 2.795838013E+02
 2.784018135E+01 2.821507263E+02
 2.790644455E+01 2.824755859E+02
 2.807737160E+01 2.817980652E+02
 2.828003693E+01 2.811898193E+02
 2.837489319E+01 2.803823547E+02
 2.861822319E+01 2.781944885E+02
 2.891658211E+01 2.753413391E+02
 2.894782066E+01 2.750358276E+02
 2.900267029E+01 2.746840515E+02
 2.928488731E+01 2.731102600E+02
 2.942494392E+01 2.724833984E+02
 2.960920334E+01 2.717375793E+02
 2.982292557E+01 2.707680664E+02
 2.992336845E+01 2.702486877E+02
 3.012214470E+01 2.689382935E+02
 3.023863602E+01 2.679887695E+02
 3.038928223E+01 2.665441284E+02
 3.055580902E+01 2.645261536E+02
 3.064424133E+01 2.634128418E+02
 3.090675926E+01 2.595865173E+02
 3.090902901E+01 2.595531311E+02
 3.091156197E+01 2.595141296E+02
 3.117749977E+01 2.551646423E+02
 3.119227219E+01 2.549157867E+02
 3.121785736E+01 2.544838715E+02
 3.143121910E+01 2.509401855E+02
 3.165713882E+01 2.473487854E+02
 3.169702911E+01 2.467021027E+02
 3.173743439E+01 2.460624390E+02
 3.196056938E+01 2.427910767E+02
 3.216640091E+01 2.401105347E+02
 3.219340897E+01 2.397814178E+02
 3.222296906E+01 2.394266663E+02
 3.240477371E+01 2.372586670E+02
 3.256862259E+01 2.353860779E+02
 3.265274429E+01 2.344434662E+02
 3.278642273E+01 2.327031403E+02
 3.291176987E+01 2.310912170E+02
 3.299892807E+01 2.298007965E+02
 3.314472198E+01 2.277412415E+02
 3.335462952E+01 2.220728912E+02
 3.336641312E+01 2.217574615E+02
 3.338429642E+01 2.212835693E+02
 3.356462479E+01 2.164096832E+02
 3.366938782E+01 2.049762726E+02
 3.375401688E+01 1.957630157E+02
