TITLE     = "VTK Data"
VARIABLES = "X"
"Velocity_X"
ZONE T="Slice: Y=7.631 (region 1)"
 STRANDID=358, SOLUTIONTIME=772
 I=208, J=1, K=1, ZONETYPE=Ordered
 DATAPACKING=POINT
 DT=(SINGLE SINGLE )
 3.406503677E+01 2.020580292E+02
 3.406464767E+01 1.935775757E+02
 3.406450653E+01 1.900758820E+02
 3.398305511E+01 1.883583527E+02
 3.388504028E+01 1.853189697E+02
 3.382211304E+01 1.858152924E+02
 3.368441391E+01 1.868410645E+02
 3.349703217E+01 1.865604095E+02
 3.347219849E+01 1.865226440E+02
 3.342753983E+01 1.875000000E+02
 3.324786758E+01 1.914801178E+02
 3.312998199E+01 1.935903168E+02
 3.302665329E+01 1.953439026E+02
 3.291155624E+01 1.980114594E+02
 3.281024170E+01 2.003084869E+02
 3.267816544E+01 2.031949158E+02
 3.257485962E+01 2.054115295E+02
 3.253059769E+01 2.063910217E+02
 3.230056763E+01 2.113204956E+02
 3.227368164E+01 2.119041290E+02
 3.209963989E+01 2.158749390E+02
 3.193461800E+01 2.194762115E+02
 3.185887146E+01 2.212546234E+02
 3.170343208E+01 2.249346619E+02
 3.147643089E+01 2.304113159E+02
 3.142032433E+01 2.317462006E+02
 3.137571335E+01 2.327664948E+02
 3.111187363E+01 2.389893341E+02
 3.097917557E+01 2.419360504E+02
 3.083005333E+01 2.453721466E+02
 3.065136909E+01 2.492066193E+02
 3.062172318E+01 2.498316040E+02
 3.054937363E+01 2.510919037E+02
 3.038787651E+01 2.539031525E+02
 3.034617233E+01 2.546123047E+02
 3.008404732E+01 2.587716064E+02
 3.007283974E+01 2.589448547E+02
 3.004764748E+01 2.592447815E+02
 2.985352135E+01 2.617433167E+02
 2.974311066E+01 2.627347717E+02
 2.964799500E+01 2.635731201E+02
 2.953200722E+01 2.642670898E+02
 2.943817520E+01 2.648749695E+02
 2.931153679E+01 2.653968506E+02
 2.924740028E+01 2.656420898E+02
 2.921091270E+01 2.657296753E+02
 2.906223488E+01 2.659681396E+02
 2.898486137E+01 2.658586426E+02
 2.884358215E+01 2.658106079E+02
 2.879627800E+01 2.656689453E+02
 2.865439987E+01 2.653423157E+02
 2.862749863E+01 2.652398987E+02
 2.849872208E+01 2.645808716E+02
 2.846381950E+01 2.644017944E+02
 2.830753517E+01 2.639160156E+02
 2.829652214E+01 2.638641052E+02
 2.828554535E+01 2.638090210E+02
 2.813470268E+01 2.633235474E+02
 2.810702705E+01 2.631936340E+02
 2.800671196E+01 2.629413757E+02
 2.799464035E+01 2.628821716E+02
 2.790756607E+01 2.624051208E+02
 2.787253952E+01 2.621996460E+02
 2.774817276E+01 2.621035461E+02
 2.771191216E+01 2.621037903E+02
 2.767217255E+01 2.622701721E+02
 2.754362106E+01 2.628498230E+02
 2.749185371E+01 2.630343628E+02
 2.740852928E+01 2.634328613E+02
 2.733541489E+01 2.639783325E+02
 2.724062347E+01 2.648684998E+02
 2.716892433E+01 2.656015930E+02
 2.710429955E+01 2.662669983E+02
 2.696080208E+01 2.680796204E+02
 2.694407272E+01 2.683027344E+02
 2.679406357E+01 2.700782471E+02
 2.678816414E+01 2.701253967E+02
 2.673493195E+01 2.702644653E+02
 2.663685608E+01 2.705405884E+02
 2.662662315E+01 2.705432434E+02
 2.649324799E+01 2.709610901E+02
 2.645310402E+01 2.710852051E+02
 2.644939041E+01 2.711036377E+02
 2.628284264E+01 2.706162720E+02
 2.622509003E+01 2.700460510E+02
 2.607197380E+01 2.675683594E+02
 2.601156998E+01 2.664395142E+02
 2.587467003E+01 2.627884216E+02
 2.581057358E+01 2.609084473E+02
 2.568344307E+01 2.562132263E+02
 2.561900330E+01 2.537275543E+02
 2.550132751E+01 2.479924774E+02
 2.544612885E+01 2.452252502E+02
 2.534896660E+01 2.395577545E+02
 2.528671837E+01 2.359253235E+02
 2.522243309E+01 2.313866882E+02
 2.515266609E+01 2.264337921E+02
 2.511586761E+01 2.232287140E+02
 2.504034615E+01 2.166122437E+02
 2.496737862E+01 2.083039398E+02
 2.494670296E+01 2.059359283E+02
 2.489394188E+01 1.976324615E+02
 2.486920547E+01 1.937332458E+02
 2.486331367E+01 1.924233856E+02
 2.480564308E+01 1.794774780E+02
 2.478949547E+01 1.740677643E+02
 2.475433731E+01 1.621078949E+02
 2.473511314E+01 1.528332977E+02
 2.471403122E+01 1.424573059E+02
 2.470132065E+01 1.329330292E+02
 2.468391991E+01 1.202806168E+02
 2.467035675E+01 1.075359344E+02
 2.466361427E+01 1.009620209E+02
 2.465591621E+01 9.401263428E+01
 2.465276909E+01 9.100508881E+01
 2.465090370E+01 9.522551727E+01
 2.465019035E+01 9.673413849E+01
 2.465106773E+01 1.017484436E+02
 2.465340042E+01 1.150083542E+02
 2.465620613E+01 1.234456940E+02
 2.466305542E+01 1.438220978E+02
 2.466909027E+01 1.565222931E+02
 2.468131447E+01 1.818332062E+02
 2.469273186E+01 1.983030396E+02
 2.470967484E+01 2.222395325E+02
 2.473005676E+01 2.413489227E+02
 2.474918365E+01 2.588615417E+02
 2.478437042E+01 2.794331360E+02
 2.480085754E+01 2.888301697E+02
 2.486026764E+01 3.094275208E+02
 2.486595726E+01 3.113449707E+02
 2.488877869E+01 3.156872864E+02
 2.494617081E+01 3.266811218E+02
 2.497023392E+01 3.291108093E+02
 2.504354477E+01 3.362903748E+02
 2.512961197E+01 3.405206299E+02
 2.516040230E+01 3.419940796E+02
 2.521454430E+01 3.432008362E+02
 2.529990005E+01 3.451267090E+02
 2.539062691E+01 3.460812378E+02
 2.546538734E+01 3.468189392E+02
 2.550476837E+01 3.467879028E+02
 2.564381218E+01 3.467131042E+02
 2.568707848E+01 3.461882629E+02
 2.584073257E+01 3.446039734E+02
 2.587832642E+01 3.441483459E+02
 2.604645348E+01 3.421760559E+02
 2.607527924E+01 3.421985474E+02
 2.626217651E+01 3.425346069E+02
 2.627837944E+01 3.424080200E+02
 2.644287109E+01 3.431477966E+02
 2.649932289E+01 3.359921570E+02
 2.661078644E+01 3.230621338E+02
 2.668290520E+01 3.113044128E+02
 2.686456680E+01 2.836178894E+02
 2.693740463E+01 2.735297852E+02
 2.710335159E+01 2.676652527E+02
 2.717297935E+01 2.666625671E+02
 2.740091896E+01 2.752547913E+02
 2.742325211E+01 2.762315369E+02
 2.744112968E+01 2.772177734E+02
 2.770340729E+01 2.889134827E+02
 2.773644066E+01 2.900627747E+02
 2.799278259E+01 2.960008850E+02
 2.802548599E+01 2.965520325E+02
 2.831598473E+01 2.965161743E+02
 2.836834526E+01 2.963203430E+02
 2.846094704E+01 2.953748779E+02
 2.866098213E+01 2.932301331E+02
 2.880583572E+01 2.913191833E+02
 2.886834526E+01 2.904261780E+02
 2.905782127E+01 2.870751343E+02
 2.910594749E+01 2.862117615E+02
 2.911826706E+01 2.860342102E+02
 2.942761040E+01 2.819302979E+02
 2.956139565E+01 2.808407593E+02
 2.987578011E+01 2.788390808E+02
 2.995144081E+01 2.785082703E+02
 3.004249382E+01 2.782291565E+02
 3.032541656E+01 2.771906128E+02
 3.047213936E+01 2.761617126E+02
 3.069457626E+01 2.744312744E+02
 3.082926750E+01 2.729335938E+02
 3.107598686E+01 2.699906616E+02
 3.119149780E+01 2.683299866E+02
 3.141679382E+01 2.651518250E+02
 3.148449707E+01 2.638777466E+02
 3.167937851E+01 2.599635925E+02
 3.192266083E+01 2.552670898E+02
 3.192926598E+01 2.551373138E+02
 3.203768539E+01 2.530556793E+02
 3.219574356E+01 2.500202179E+02
 3.220389175E+01 2.498809509E+02
 3.246470261E+01 2.453275146E+02
 3.258729935E+01 2.434987640E+02
 3.273318481E+01 2.412861023E+02
 3.295013809E+01 2.386747437E+02
 3.298341370E+01 2.383023376E+02
 3.311450195E+01 2.367082214E+02
 3.321086121E+01 2.355443573E+02
 3.324385452E+01 2.351701965E+02
 3.344215775E+01 2.329508057E+02
 3.359371185E+01 2.288514862E+02
 3.366712570E+01 2.268895264E+02
 3.378488541E+01 2.244192047E+02
 3.387554550E+01 2.225224457E+02
 3.392630386E+01 2.170988617E+02
 3.406503677E+01 2.020580292E+02
