TITLE     = "VTK Data"
VARIABLES = "X"
"Velocity_X"
ZONE T="Slice: Y=30.85 (region 1)"
 STRANDID=501, SOLUTIONTIME=772
 I=196, J=1, K=1, ZONETYPE=Ordered
 DATAPACKING=POINT
 DT=(SINGLE SINGLE )
 4.363764191E+01 2.093373566E+02
 4.363812637E+01 2.012059479E+02
 4.363837814E+01 1.966795197E+02
 4.355944443E+01 1.965707855E+02
 4.354380798E+01 1.965874329E+02
 4.344452667E+01 1.942674713E+02
 4.344163132E+01 1.941895142E+02
 4.343111420E+01 1.941789551E+02
 4.334810257E+01 1.941798553E+02
 4.332286072E+01 1.951628876E+02
 4.325818253E+01 1.976611786E+02
 4.318868637E+01 1.997719727E+02
 4.317401886E+01 2.001999512E+02
 4.315644073E+01 2.010558014E+02
 4.309479904E+01 2.042544250E+02
 4.301858521E+01 2.079567413E+02
 4.300043869E+01 2.088371887E+02
 4.299020386E+01 2.093441010E+02
 4.289186478E+01 2.144345245E+02
 4.288715363E+01 2.146873322E+02
 4.279271698E+01 2.199547882E+02
 4.278236771E+01 2.205195770E+02
 4.268857574E+01 2.255502625E+02
 4.266875458E+01 2.266308899E+02
 4.256857300E+01 2.318727112E+02
 4.255871582E+01 2.324028015E+02
 4.253342819E+01 2.336854095E+02
 4.245292664E+01 2.378241730E+02
 4.241127014E+01 2.397580414E+02
 4.234587860E+01 2.428523407E+02
 4.224424362E+01 2.472885895E+02
 4.223878098E+01 2.475330658E+02
 4.221988297E+01 2.482474670E+02
 4.213063431E+01 2.515895233E+02
 4.211180496E+01 2.521929321E+02
 4.201472092E+01 2.551169891E+02
 4.199094009E+01 2.556976776E+02
 4.194252777E+01 2.568204956E+02
 4.189297485E+01 2.580366211E+02
 4.185045242E+01 2.586965637E+02
 4.181095123E+01 2.592450867E+02
 4.178456879E+01 2.593750305E+02
 4.172933197E+01 2.598642578E+02
 4.165813828E+01 2.601719360E+02
 4.165183258E+01 2.602065735E+02
 4.164079666E+01 2.601938477E+02
 4.158140182E+01 2.600040283E+02
 4.154742432E+01 2.596623535E+02
 4.151605606E+01 2.593938599E+02
 4.148416138E+01 2.590185242E+02
 4.144949341E+01 2.586261597E+02
 4.141843796E+01 2.582565918E+02
 4.138924789E+01 2.579080200E+02
 4.134225082E+01 2.567344971E+02
 4.132625961E+01 2.564125366E+02
 4.126165390E+01 2.549531403E+02
 4.124976349E+01 2.547033844E+02
 4.121566772E+01 2.538633118E+02
 4.118585587E+01 2.531097412E+02
 4.117503738E+01 2.527644958E+02
 4.112722015E+01 2.512626648E+02
 4.110916519E+01 2.506274261E+02
 4.106847382E+01 2.492930145E+02
 4.105344009E+01 2.487292938E+02
 4.101124573E+01 2.471468201E+02
 4.100164413E+01 2.467584534E+02
 4.095655060E+01 2.449658661E+02
 4.095299911E+01 2.448123322E+02
 4.091614914E+01 2.432548370E+02
 4.090566635E+01 2.428119965E+02
 4.090464401E+01 2.427685394E+02
 4.085961914E+01 2.406907043E+02
 4.085548782E+01 2.405017395E+02
 4.081576920E+01 2.382149963E+02
 4.081138229E+01 2.379652863E+02
 4.080255890E+01 2.373350067E+02
 4.076939011E+01 2.349467468E+02
 4.073851013E+01 2.315986176E+02
 4.073427200E+01 2.311435699E+02
 4.071388245E+01 2.274376831E+02
 4.070503616E+01 2.258812714E+02
 4.069397736E+01 2.223955383E+02
 4.068081665E+01 2.183713837E+02
 4.067599869E+01 2.157327576E+02
 4.066093826E+01 2.076992340E+02
 4.066004944E+01 2.068658752E+02
 4.065525055E+01 2.024723511E+02
 4.064647675E+01 1.944114380E+02
 4.064482117E+01 1.929244843E+02
 4.063500214E+01 1.779916229E+02
 4.063200378E+01 1.735222473E+02
 4.062547684E+01 1.577194824E+02
 4.062211990E+01 1.497310181E+02
 4.061792374E+01 1.345469513E+02
 4.061489105E+01 1.237237701E+02
 4.061262894E+01 1.123171997E+02
 4.061008072E+01 9.939062500E+01
 4.060874557E+01 9.129653931E+01
 4.060742569E+01 8.326436615E+01
 4.060694504E+01 8.154502869E+01
 4.060648346E+01 7.993513489E+01
 4.060675812E+01 8.655748749E+01
 4.060702896E+01 9.302044678E+01
 4.060845184E+01 1.090201569E+02
 4.060966492E+01 1.224803314E+02
 4.061280060E+01 1.453827972E+02
 4.061477661E+01 1.596605225E+02
 4.062038422E+01 1.842980957E+02
 4.062246704E+01 1.933529816E+02
 4.063170624E+01 2.163113251E+02
 4.063279724E+01 2.190043640E+02
 4.063915253E+01 2.276429596E+02
 4.064596939E+01 2.369287109E+02
 4.064799118E+01 2.384139862E+02
 4.066233444E+01 2.488827667E+02
 4.067121506E+01 2.523387146E+02
 4.068235397E+01 2.566429749E+02
 4.070398331E+01 2.612526550E+02
 4.070660782E+01 2.618081360E+02
 4.071192169E+01 2.624713745E+02
 4.073582458E+01 2.654676819E+02
 4.075732040E+01 2.671941223E+02
 4.077085114E+01 2.682730408E+02
 4.078588867E+01 2.692010803E+02
 4.081268692E+01 2.708627625E+02
 4.083938217E+01 2.723175049E+02
 4.085669708E+01 2.732669067E+02
 4.088251877E+01 2.743680725E+02
 4.090572739E+01 2.753558655E+02
 4.092725372E+01 2.761560364E+02
 4.095745087E+01 2.773127747E+02
 4.097381973E+01 2.778707581E+02
 4.101181793E+01 2.792131958E+02
 4.102071381E+01 2.795047913E+02
 4.106925201E+01 2.809902649E+02
 4.107304764E+01 2.810899963E+02
 4.113067627E+01 2.826884155E+02
 4.113198471E+01 2.827235413E+02
 4.116534424E+01 2.836614685E+02
 4.119108582E+01 2.843835144E+02
 4.119217682E+01 2.844160461E+02
 4.124140930E+01 2.860581055E+02
 4.124935913E+01 2.863231201E+02
 4.128015518E+01 2.871123352E+02
 4.131361389E+01 2.877232971E+02
 4.134843063E+01 2.884586182E+02
 4.138704681E+01 2.893920898E+02
 4.142807388E+01 2.906179199E+02
 4.145756912E+01 2.914684448E+02
 4.150360489E+01 2.927497253E+02
 4.153627396E+01 2.934324951E+02
 4.156680679E+01 2.939472656E+02
 4.163034821E+01 2.948315430E+02
 4.164291763E+01 2.950067139E+02
 4.164859772E+01 2.950731201E+02
 4.173007202E+01 2.961592407E+02
 4.174832153E+01 2.963558655E+02
 4.182152939E+01 2.965440979E+02
 4.184579086E+01 2.965252075E+02
 4.192331696E+01 2.960800476E+02
 4.193749619E+01 2.960512390E+02
 4.195576477E+01 2.958809204E+02
 4.202306747E+01 2.950032959E+02
 4.208907318E+01 2.933669128E+02
 4.211876297E+01 2.924536743E+02
 4.217098999E+01 2.912088013E+02
 4.221411514E+01 2.901977234E+02
 4.224073029E+01 2.896411133E+02
 4.230845261E+01 2.882008057E+02
 4.236716080E+01 2.868798218E+02
 4.241030884E+01 2.857503662E+02
 4.248931122E+01 2.833634033E+02
 4.252009964E+01 2.823185120E+02
 4.261131668E+01 2.790515137E+02
 4.263684845E+01 2.779240417E+02
 4.272561264E+01 2.738646545E+02
 4.276740646E+01 2.719108887E+02
 4.283750153E+01 2.686222229E+02
 4.290593719E+01 2.657398376E+02
 4.293259811E+01 2.646370239E+02
 4.299147797E+01 2.619486084E+02
 4.300106430E+01 2.615062561E+02
 4.300674820E+01 2.612246399E+02
 4.306786728E+01 2.581589050E+02
 4.313954163E+01 2.550301208E+02
 4.315785980E+01 2.542397614E+02
 4.317084503E+01 2.538488922E+02
 4.324902725E+01 2.510842896E+02
 4.332271576E+01 2.497998352E+02
 4.334717941E+01 2.492651062E+02
 4.340056992E+01 2.479916382E+02
 4.344113159E+01 2.469612427E+02
 4.345833969E+01 2.461242371E+02
 4.354043198E+01 2.422867432E+02
 4.357909775E+01 2.284349365E+02
 4.363764191E+01 2.093373566E+02
