TITLE     = "VTK Data"
VARIABLES = "X"
"Velocity_X"
ZONE T="Slice: Y=4.871 (region 1)"
 STRANDID=341, SOLUTIONTIME=772
 I=224, J=1, K=1, ZONETYPE=Ordered
 DATAPACKING=POINT
 DT=(SINGLE SINGLE )
 3.362667084E+01 1.918191528E+02
 3.362605667E+01 1.876158295E+02
 3.362585068E+01 1.874111786E+02
 3.355142593E+01 1.887529907E+02
 3.345829391E+01 1.913533173E+02
 3.339534760E+01 1.919369965E+02
 3.327319717E+01 1.930306091E+02
 3.313046646E+01 1.926900024E+02
 3.307947922E+01 1.926069489E+02
 3.300002289E+01 1.941503296E+02
 3.286131668E+01 1.968574677E+02
 3.281544113E+01 1.973434753E+02
 3.266685104E+01 1.998932190E+02
 3.264047623E+01 2.003004150E+02
 3.262780380E+01 2.005760803E+02
 3.249012375E+01 2.034547272E+02
 3.237351608E+01 2.059311981E+02
 3.233642960E+01 2.066908569E+02
 3.230014420E+01 2.074494781E+02
 3.219153976E+01 2.097365265E+02
 3.211913681E+01 2.111610870E+02
 3.204152298E+01 2.127330475E+02
 3.196694183E+01 2.143406525E+02
 3.184449387E+01 2.167530365E+02
 3.179542732E+01 2.177128296E+02
 3.172210693E+01 2.191310272E+02
 3.163489532E+01 2.208251495E+02
 3.156408310E+01 2.221969910E+02
 3.146946144E+01 2.240052795E+02
 3.139143372E+01 2.254743500E+02
 3.125852203E+01 2.279158478E+02
 3.107645035E+01 2.311657410E+02
 3.106138611E+01 2.314378052E+02
 3.104598808E+01 2.317023163E+02
 3.085368156E+01 2.350148926E+02
 3.070804787E+01 2.374548798E+02
 3.063340950E+01 2.387300720E+02
 3.051145363E+01 2.405588989E+02
 3.039288139E+01 2.423534088E+02
 3.032765961E+01 2.432345886E+02
 3.013664436E+01 2.459631500E+02
 2.992361641E+01 2.487807465E+02
 2.986036873E+01 2.496499786E+02
 2.982352448E+01 2.501022644E+02
 2.970898056E+01 2.514998322E+02
 2.956422424E+01 2.532721100E+02
 2.950547028E+01 2.539632874E+02
 2.934667969E+01 2.558382263E+02
 2.922879410E+01 2.570500488E+02
 2.917152214E+01 2.576376648E+02
 2.912907028E+01 2.580716248E+02
 2.897038651E+01 2.597395935E+02
 2.885903549E+01 2.609025574E+02
 2.877859497E+01 2.617526245E+02
 2.863306046E+01 2.631883240E+02
 2.860056496E+01 2.635091553E+02
 2.857206726E+01 2.637982483E+02
 2.840322304E+01 2.655248413E+02
 2.834333420E+01 2.662184143E+02
 2.823832321E+01 2.673547668E+02
 2.815554619E+01 2.682268982E+02
 2.807316780E+01 2.691346130E+02
 2.801486397E+01 2.697752380E+02
 2.796255493E+01 2.703081055E+02
 2.787358665E+01 2.712951965E+02
 2.782462311E+01 2.718570557E+02
 2.768910980E+01 2.733544617E+02
 2.766059113E+01 2.736590576E+02
 2.762686348E+01 2.740257263E+02
 2.746130371E+01 2.759259033E+02
 2.734394455E+01 2.775537720E+02
 2.725325584E+01 2.788863525E+02
 2.707986450E+01 2.814480896E+02
 2.704271698E+01 2.819782104E+02
 2.702423477E+01 2.822283020E+02
 2.678865242E+01 2.850740356E+02
 2.665674400E+01 2.867134094E+02
 2.651215744E+01 2.882382202E+02
 2.626218987E+01 2.903197327E+02
 2.618052483E+01 2.908883667E+02
 2.591736984E+01 2.892112122E+02
 2.581442451E+01 2.880567932E+02
 2.538869667E+01 2.802524719E+02
 2.537497520E+01 2.800062256E+02
 2.537235641E+01 2.799476624E+02
 2.536925697E+01 2.798712769E+02
 2.533618355E+01 2.791766357E+02
 2.500431252E+01 2.720607605E+02
 2.484687614E+01 2.671413879E+02
 2.475453377E+01 2.641313477E+02
 2.473004341E+01 2.633440247E+02
 2.447047615E+01 2.552454071E+02
 2.441372490E+01 2.531829376E+02
 2.420758820E+01 2.457089233E+02
 2.412389565E+01 2.422288818E+02
 2.395097733E+01 2.351870575E+02
 2.377757835E+01 2.270651855E+02
 2.371579170E+01 2.242241821E+02
 2.367049026E+01 2.217158203E+02
 2.351589394E+01 2.128017273E+02
 2.337400055E+01 2.026659698E+02
 2.334719276E+01 2.007196198E+02
 2.329558182E+01 1.960536194E+02
 2.320590019E+01 1.880176697E+02
 2.317553520E+01 1.845194855E+02
 2.308844757E+01 1.742817535E+02
 2.303457069E+01 1.658593445E+02
 2.299173737E+01 1.590046234E+02
 2.293127441E+01 1.456283875E+02
 2.291342735E+01 1.415791779E+02
 2.285629463E+01 1.233926773E+02
 2.285172653E+01 1.219013672E+02
 2.281977844E+01 1.075543747E+02
 2.280552292E+01 1.011621933E+02
 2.280438042E+01 1.005213013E+02
 2.277434731E+01 8.333987427E+01
 2.277250481E+01 8.253491974E+01
 2.275786591E+01 7.603627777E+01
 2.275736237E+01 7.751102448E+01
 2.275440788E+01 8.616920471E+01
 2.276013565E+01 1.083696060E+02
 2.276107979E+01 1.119104004E+02
 2.277821159E+01 1.470782471E+02
 2.278002548E+01 1.507050629E+02
 2.281378555E+01 1.961838684E+02
 2.281405067E+01 1.965284729E+02
 2.281694603E+01 1.989887848E+02
 2.286449051E+01 2.395410156E+02
 2.287214470E+01 2.436194458E+02
 2.293212700E+01 2.738021851E+02
 2.295700455E+01 2.811011963E+02
 2.301807976E+01 2.977967224E+02
 2.307511902E+01 3.063657837E+02
 2.312399483E+01 3.131923828E+02
 2.323763847E+01 3.218999939E+02
 2.325204086E+01 3.229283752E+02
 2.328938675E+01 3.244964294E+02
 2.340507507E+01 3.293592529E+02
 2.347274590E+01 3.311188660E+02
 2.358606148E+01 3.341259460E+02
 2.377165794E+01 3.363005676E+02
 2.379801941E+01 3.366206055E+02
 2.382596397E+01 3.366452942E+02
 2.404474640E+01 3.368407288E+02
 2.417084694E+01 3.370274353E+02
 2.431636810E+01 3.368924866E+02
 2.448067093E+01 3.363387146E+02
 2.459002686E+01 3.358866882E+02
 2.480132103E+01 3.348253784E+02
 2.486960030E+01 3.344435425E+02
 2.506226921E+01 3.336851501E+02
 2.509605789E+01 3.335348511E+02
 2.513015747E+01 3.331600037E+02
 2.534135628E+01 3.308002625E+02
 2.542248535E+01 3.296419067E+02
 2.568744850E+01 3.195584717E+02
 2.577708054E+01 3.165937500E+02
 2.589074326E+01 3.068196106E+02
 2.610915375E+01 2.914922485E+02
 2.643030167E+01 2.730128784E+02
 2.644106293E+01 2.725532227E+02
 2.646015739E+01 2.723996887E+02
 2.674946785E+01 2.691196289E+02
 2.695294189E+01 2.717068787E+02
 2.702026176E+01 2.726259460E+02
 2.706082535E+01 2.732200623E+02
 2.730129051E+01 2.764512024E+02
 2.737271118E+01 2.771128235E+02
 2.761444092E+01 2.781116943E+02
 2.766132355E+01 2.783549194E+02
 2.768145943E+01 2.783963013E+02
 2.793521118E+01 2.784292908E+02
 2.821200943E+01 2.772747803E+02
 2.821433640E+01 2.772671204E+02
 2.821763229E+01 2.772453613E+02
 2.852479935E+01 2.755718079E+02
 2.874247169E+01 2.742369690E+02
 2.882555008E+01 2.736806946E+02
 2.895941734E+01 2.729657593E+02
 2.915117264E+01 2.720061951E+02
 2.927339935E+01 2.714094543E+02
 2.948049545E+01 2.704370728E+02
 2.974291992E+01 2.689899597E+02
 2.982221794E+01 2.685677185E+02
 2.987977982E+01 2.681510010E+02
 3.010890198E+01 2.665757141E+02
 3.023946762E+01 2.653432312E+02
 3.033209038E+01 2.644732666E+02
 3.045185661E+01 2.630492249E+02
 3.050260735E+01 2.624502258E+02
 3.065771675E+01 2.602666626E+02
 3.072178841E+01 2.593511047E+02
 3.087601089E+01 2.570305481E+02
 3.098454094E+01 2.553820038E+02
 3.112213898E+01 2.533143921E+02
 3.120079994E+01 2.521559601E+02
 3.134494209E+01 2.499625092E+02
 3.139676857E+01 2.492272949E+02
 3.157384109E+01 2.467088928E+02
 3.158884621E+01 2.465056152E+02
 3.162629890E+01 2.460093384E+02
 3.176606178E+01 2.441613159E+02
 3.183544350E+01 2.432758331E+02
 3.193185234E+01 2.421254578E+02
 3.204820251E+01 2.407802429E+02
 3.205732346E+01 2.406781769E+02
 3.219519424E+01 2.390929718E+02
 3.220718765E+01 2.389555054E+02
 3.222616577E+01 2.387437592E+02
 3.235485840E+01 2.373298492E+02
 3.244147491E+01 2.363268738E+02
 3.250263977E+01 2.355965881E+02
 3.268083954E+01 2.331398315E+02
 3.271152496E+01 2.327480011E+02
 3.274297714E+01 2.322850952E+02
 3.291549301E+01 2.297454681E+02
 3.298362732E+01 2.284837341E+02
 3.307702255E+01 2.266309052E+02
 3.317128754E+01 2.236714630E+02
 3.326483154E+01 2.207766876E+02
 3.338475037E+01 2.166796265E+02
 3.345522308E+01 2.139294281E+02
 3.349872208E+01 2.080743103E+02
 3.362667084E+01 1.918191528E+02
