TITLE     = "VTK Data"
VARIABLES = "X"
"Velocity_X"
ZONE T="Slice: Y=13.639 (region 1)"
 STRANDID=395, SOLUTIONTIME=772
 I=217, J=1, K=1, ZONETYPE=Ordered
 DATAPACKING=POINT
 DT=(SINGLE SINGLE )
 3.561253357E+01 1.971488953E+02
 3.561253357E+01 1.875763397E+02
 3.561253357E+01 1.815975647E+02
 3.558688736E+01 1.791856689E+02
 3.551613998E+01 1.725422211E+02
 3.547296524E+01 1.722554626E+02
 3.540511703E+01 1.718663483E+02
 3.535239029E+01 1.712636108E+02
 3.528601837E+01 1.704282684E+02
 3.522812653E+01 1.716744385E+02
 3.515886307E+01 1.732596588E+02
 3.510584259E+01 1.742383575E+02
 3.504028320E+01 1.754622803E+02
 3.498782349E+01 1.772285919E+02
 3.492753220E+01 1.790967865E+02
 3.484037018E+01 1.817871094E+02
 3.481986237E+01 1.824459686E+02
 3.478664780E+01 1.835124359E+02
 3.468798447E+01 1.866501007E+02
 3.464212036E+01 1.881222076E+02
 3.451795959E+01 1.920377045E+02
 3.448040009E+01 1.932503662E+02
 3.433978271E+01 1.977967224E+02
 3.432682419E+01 1.982109528E+02
 3.419301605E+01 2.024774017E+02
 3.415268707E+01 2.037626190E+02
 3.414905167E+01 2.038807983E+02
 3.398255920E+01 2.094152527E+02
 3.394991302E+01 2.104972382E+02
 3.383417892E+01 2.146389008E+02
 3.374535370E+01 2.178663330E+02
 3.369968414E+01 2.195152283E+02
 3.361108780E+01 2.226182556E+02
 3.352811050E+01 2.255492096E+02
 3.349242020E+01 2.268089752E+02
 3.334693146E+01 2.318296356E+02
 3.325627518E+01 2.347030487E+02
 3.314996719E+01 2.378015137E+02
 3.301390457E+01 2.420789642E+02
 3.291094589E+01 2.451056519E+02
 3.283088303E+01 2.473596039E+02
 3.272105789E+01 2.495164795E+02
 3.264001465E+01 2.510513000E+02
 3.255989838E+01 2.527482147E+02
 3.238118744E+01 2.563767700E+02
 3.232817841E+01 2.576045532E+02
 3.216023636E+01 2.603440247E+02
 3.214960861E+01 2.605103760E+02
 3.213956451E+01 2.605735168E+02
 3.194594955E+01 2.617848816E+02
 3.188440132E+01 2.623167725E+02
 3.163218498E+01 2.637192993E+02
 3.161884880E+01 2.638338623E+02
 3.160031700E+01 2.638419189E+02
 3.140881729E+01 2.640293579E+02
 3.127812576E+01 2.633313293E+02
 3.122637939E+01 2.631543579E+02
 3.105888557E+01 2.621376953E+02
 3.102884865E+01 2.619900513E+02
 3.086486244E+01 2.608334351E+02
 3.081782150E+01 2.604632568E+02
 3.068972397E+01 2.588964844E+02
 3.061042595E+01 2.578059082E+02
 3.050455856E+01 2.562161255E+02
 3.042111397E+01 2.549603119E+02
 3.033839417E+01 2.535442810E+02
 3.023762703E+01 2.517366180E+02
 3.018738174E+01 2.506425476E+02
 3.005842590E+01 2.479204559E+02
 3.004639244E+01 2.476428375E+02
 3.000924492E+01 2.467685089E+02
 2.991604233E+01 2.445698853E+02
 2.988804436E+01 2.438987274E+02
 2.978928566E+01 2.412115936E+02
 2.973278427E+01 2.396553802E+02
 2.966333961E+01 2.375481110E+02
 2.958678436E+01 2.352263336E+02
 2.954013062E+01 2.336706848E+02
 2.944939232E+01 2.306446838E+02
 2.942043877E+01 2.295148315E+02
 2.932669258E+01 2.258538208E+02
 2.931297493E+01 2.252243958E+02
 2.928679657E+01 2.240244751E+02
 2.923916054E+01 2.218333435E+02
 2.921411896E+01 2.206866302E+02
 2.917107773E+01 2.181653442E+02
 2.912062454E+01 2.152312927E+02
 2.910776329E+01 2.142028503E+02
 2.907198334E+01 2.113534851E+02
 2.905078316E+01 2.096600189E+02
 2.904314423E+01 2.090546570E+02
 2.900041580E+01 2.040615997E+02
 2.897915459E+01 2.015954742E+02
 2.895508385E+01 1.972279053E+02
 2.892658997E+01 1.920903168E+02
 2.891490364E+01 1.886776123E+02
 2.888371468E+01 1.796193695E+02
 2.887987328E+01 1.777914886E+02
 2.885550117E+01 1.662468872E+02
 2.885011482E+01 1.636922607E+02
 2.884926796E+01 1.632930450E+02
 2.882591248E+01 1.453973846E+02
 2.882229233E+01 1.426375427E+02
 2.880660439E+01 1.238537903E+02
 2.880216026E+01 1.185564651E+02
 2.879867744E+01 1.126271133E+02
 2.878854179E+01 9.532032776E+01
 2.878623962E+01 9.082345581E+01
 2.878110123E+01 8.075983429E+01
 2.878040123E+01 8.083393860E+01
 2.877899361E+01 8.095043945E+01
 2.877995491E+01 8.945190430E+01
 2.878043365E+01 9.363015747E+01
 2.878411674E+01 1.099869003E+02
 2.878574562E+01 1.171950836E+02
 2.879366493E+01 1.422889557E+02
 2.879640579E+01 1.509443359E+02
 2.881058311E+01 1.824527740E+02
 2.881353951E+01 1.890066986E+02
 2.883692551E+01 2.233155975E+02
 2.883798599E+01 2.248704681E+02
 2.884588051E+01 2.320964966E+02
 2.887053108E+01 2.546701813E+02
 2.887677193E+01 2.579995117E+02
 2.891213799E+01 2.768513794E+02
 2.893433762E+01 2.830351257E+02
 2.896405602E+01 2.913140259E+02
 2.901654625E+01 2.977401123E+02
 2.902788544E+01 2.991296692E+02
 2.905363655E+01 3.000823975E+02
 2.910556602E+01 3.019960327E+02
 2.914803314E+01 3.019144287E+02
 2.919966125E+01 3.018226318E+02
 2.926290512E+01 3.012937622E+02
 2.931318665E+01 3.008676758E+02
 2.939999199E+01 3.003744202E+02
 2.943675613E+01 3.001623230E+02
 2.951825905E+01 2.999498291E+02
 2.957511520E+01 2.997943420E+02
 2.964016342E+01 2.998289490E+02
 2.972207069E+01 2.997961426E+02
 2.976473427E+01 2.998837585E+02
 2.987820816E+01 3.001787415E+02
 2.988994789E+01 3.002306824E+02
 2.991814995E+01 3.002167053E+02
 3.000561905E+01 3.002726135E+02
 3.004505730E+01 3.001427002E+02
 3.013981819E+01 2.996751709E+02
 3.023370743E+01 2.994789124E+02
 3.029460335E+01 2.994552307E+02
 3.039113045E+01 2.992645264E+02
 3.043881989E+01 2.989852295E+02
 3.056757545E+01 2.980376587E+02
 3.060478973E+01 2.977485352E+02
 3.074240303E+01 2.968844604E+02
 3.077244377E+01 2.967342834E+02
 3.094792175E+01 2.964451904E+02
 3.095645714E+01 2.964611206E+02
 3.107151413E+01 2.969580688E+02
 3.112168121E+01 2.971731567E+02
 3.112578964E+01 2.971901550E+02
 3.127233696E+01 2.979460449E+02
 3.138851547E+01 2.988506470E+02
 3.151607704E+01 3.001249084E+02
 3.163397217E+01 3.015894470E+02
 3.168770409E+01 3.019794006E+02
 3.183262444E+01 3.025136108E+02
 3.194498444E+01 3.022617188E+02
 3.205915451E+01 3.021895752E+02
 3.218757629E+01 3.019032288E+02
 3.224898911E+01 3.016709595E+02
 3.232734680E+01 3.010384216E+02
 3.242218781E+01 3.003783875E+02
 3.250625229E+01 2.995988464E+02
 3.262094879E+01 2.985464783E+02
 3.269434357E+01 2.981351318E+02
 3.279394150E+01 2.972988281E+02
 3.285475540E+01 2.967404175E+02
 3.298202133E+01 2.958809814E+02
 3.306875992E+01 2.953058777E+02
 3.313383484E+01 2.949490662E+02
 3.325759125E+01 2.939586792E+02
 3.339253235E+01 2.922583313E+02
 3.343739319E+01 2.917374878E+02
 3.348356628E+01 2.908312683E+02
 3.360984802E+01 2.881102295E+02
 3.370648956E+01 2.853667297E+02
 3.377605057E+01 2.835267334E+02
 3.392358398E+01 2.789209595E+02
 3.395467377E+01 2.779540100E+02
 3.396381760E+01 2.776730042E+02
 3.398865891E+01 2.768865051E+02
 3.412627029E+01 2.725675659E+02
 3.419860458E+01 2.702188721E+02
 3.426640701E+01 2.681599121E+02
 3.442591095E+01 2.639106140E+02
 3.443003082E+01 2.638141785E+02
 3.443381500E+01 2.637545166E+02
 3.457378387E+01 2.610000000E+02
 3.460044098E+01 2.606800842E+02
 3.466720963E+01 2.599218750E+02
 3.474151230E+01 2.597642212E+02
 3.478520966E+01 2.595756226E+02
 3.489319992E+01 2.597711792E+02
 3.493053055E+01 2.598057251E+02
 3.505057526E+01 2.614147644E+02
 3.505404663E+01 2.614657898E+02
 3.505516052E+01 2.614625549E+02
 3.517915726E+01 2.615934448E+02
 3.518616104E+01 2.615509033E+02
 3.530136108E+01 2.611257629E+02
 3.531063843E+01 2.604775085E+02
 3.541537476E+01 2.532205353E+02
 3.543080139E+01 2.515721741E+02
 3.552127075E+01 2.418811188E+02
 3.554536819E+01 2.301091614E+02
 3.561253357E+01 1.971488953E+02
