TITLE     = "VTK Data"
VARIABLES = "X"
"Velocity_X"
ZONE T="Slice: Y=11.691 (region 2)"
 STRANDID=383, SOLUTIONTIME=772
 I=336, J=1, K=1, ZONETYPE=Ordered
 DATAPACKING=POINT
 DT=(SINGLE SINGLE )
 3.471114731E+01 1.464790497E+02
 3.471114731E+01 1.410745850E+02
 3.471107101E+01 1.612743187E+01
 3.471103287E+01 4.687168121E+01
 3.471097565E+01 1.176972885E+02
 3.470521927E+01 1.880274963E+02
 3.470396805E+01 1.985971680E+02
 3.470111465E+01 1.869049225E+02
 3.469615936E+01 1.650964966E+02
 3.469425201E+01 1.668765564E+02
 3.468733215E+01 1.718963776E+02
 3.468309402E+01 1.686195831E+02
 3.467690659E+01 1.648523712E+02
 3.467189026E+01 1.652382050E+02
 3.466471481E+01 1.655290527E+02
 3.466044235E+01 1.648300476E+02
 3.465002823E+01 1.634060974E+02
 3.464865494E+01 1.633924866E+02
 3.464601517E+01 1.633652344E+02
 3.463704681E+01 1.632916412E+02
 3.463145828E+01 1.632937622E+02
 3.462435150E+01 1.630841522E+02
 3.461525345E+01 1.628499603E+02
 3.461097336E+01 1.627410583E+02
 3.460701752E+01 1.626801910E+02
 3.459598923E+01 1.627722931E+02
 3.458441162E+01 1.629010620E+02
 3.457942581E+01 1.629493256E+02
 3.457366562E+01 1.629911346E+02
 3.456187439E+01 1.630086365E+02
 3.455186844E+01 1.631375885E+02
 3.454220200E+01 1.632461090E+02
 3.452866745E+01 1.634684601E+02
 3.452112198E+01 1.636212463E+02
 3.451571655E+01 1.636784973E+02
 3.449761581E+01 1.639274902E+02
 3.447412491E+01 1.643504181E+02
 3.447272110E+01 1.643732452E+02
 3.447056580E+01 1.644154816E+02
 3.444734573E+01 1.649251099E+02
 3.443450165E+01 1.651404724E+02
 3.442208099E+01 1.653960876E+02
 3.440844727E+01 1.657110291E+02
 3.439665222E+01 1.659951172E+02
 3.438384628E+01 1.663529510E+02
 3.436948395E+01 1.667593689E+02
 3.435226059E+01 1.672851562E+02
 3.433498383E+01 1.678039093E+02
 3.432458115E+01 1.681685791E+02
 3.429038239E+01 1.692394562E+02
 3.428012848E+01 1.695548553E+02
 3.426290131E+01 1.700962830E+02
 3.424452591E+01 1.706836090E+02
 3.421054840E+01 1.718527069E+02
 3.420763016E+01 1.719489441E+02
 3.419761276E+01 1.722677765E+02
 3.417086792E+01 1.731377716E+02
 3.415881348E+01 1.736050110E+02
 3.413421249E+01 1.746069336E+02
 3.410670090E+01 1.756949921E+02
 3.408904648E+01 1.763885651E+02
 3.407389832E+01 1.769438171E+02
 3.403980255E+01 1.781645966E+02
 3.399371338E+01 1.800538788E+02
 3.398666763E+01 1.803450470E+02
 3.398141098E+01 1.805355225E+02
 3.392946625E+01 1.824164429E+02
 3.390173340E+01 1.834152222E+02
 3.386637878E+01 1.847229614E+02
 3.384318542E+01 1.856089630E+02
 3.380783081E+01 1.870190277E+02
 3.376722717E+01 1.885694122E+02
 3.373212051E+01 1.898794556E+02
 3.366879654E+01 1.919380341E+02
 3.364810562E+01 1.926309662E+02
 3.356985474E+01 1.954215851E+02
 3.356102753E+01 1.957312012E+02
 3.345739365E+01 1.992215424E+02
 3.345433426E+01 1.993214111E+02
 3.335141373E+01 2.026380768E+02
 3.335052490E+01 2.026681519E+02
 3.326131821E+01 2.056911163E+02
 3.320792770E+01 2.074075165E+02
 3.311777496E+01 2.102384796E+02
 3.307398605E+01 2.115756073E+02
 3.295539474E+01 2.152472687E+02
 3.293724823E+01 2.158165283E+02
 3.282777786E+01 2.196618652E+02
 3.278962708E+01 2.210173492E+02
 3.278306961E+01 2.212388153E+02
 3.263051224E+01 2.266180725E+02
 3.260462189E+01 2.275373535E+02
 3.248533249E+01 2.315628510E+02
 3.237547302E+01 2.350566406E+02
 3.232491302E+01 2.366923981E+02
 3.229954910E+01 2.375417480E+02
 3.210161972E+01 2.439798737E+02
 3.207123184E+01 2.449730072E+02
 3.206645966E+01 2.451200714E+02
 3.186231041E+01 2.516460419E+02
 3.181448364E+01 2.529264679E+02
 3.165102577E+01 2.576085205E+02
 3.155158997E+01 2.598885193E+02
 3.143287468E+01 2.627293396E+02
 3.125834846E+01 2.653471985E+02
 3.118369102E+01 2.666509705E+02
 3.106329727E+01 2.677956848E+02
 3.094995117E+01 2.688320923E+02
 3.084525871E+01 2.692438049E+02
 3.074052048E+01 2.697424927E+02
 3.063623238E+01 2.698101807E+02
 3.053607178E+01 2.698290710E+02
 3.046423721E+01 2.693818359E+02
 3.034511375E+01 2.687987061E+02
 3.020494461E+01 2.672762451E+02
 3.015719032E+01 2.667520142E+02
 3.012257004E+01 2.663930359E+02
 2.992998314E+01 2.640609131E+02
 2.986115456E+01 2.630298157E+02
 2.971788597E+01 2.608452148E+02
 2.963885307E+01 2.596144409E+02
 2.955846405E+01 2.583666382E+02
 2.951554298E+01 2.576032410E+02
 2.941385269E+01 2.557345123E+02
 2.939215279E+01 2.552069855E+02
 2.929511452E+01 2.528899384E+02
 2.922295761E+01 2.513303528E+02
 2.914417267E+01 2.495986481E+02
 2.904537964E+01 2.472429047E+02
 2.903458023E+01 2.469783020E+02
 2.891907692E+01 2.438876495E+02
 2.889894867E+01 2.433698730E+02
 2.877766991E+01 2.402013855E+02
 2.874643517E+01 2.393574219E+02
 2.864168167E+01 2.364613495E+02
 2.858433914E+01 2.348805695E+02
 2.851087189E+01 2.327726746E+02
 2.842399025E+01 2.303264313E+02
 2.837965012E+01 2.289927826E+02
 2.827316093E+01 2.257860413E+02
 2.825150681E+01 2.251169281E+02
 2.813142204E+01 2.213575897E+02
 2.812647247E+01 2.211744843E+02
 2.804610443E+01 2.183016052E+02
 2.800746346E+01 2.169207001E+02
 2.800508308E+01 2.168369751E+02
 2.800020790E+01 2.166490784E+02
 2.788901329E+01 2.121822052E+02
 2.779615402E+01 2.078295593E+02
 2.779259109E+01 2.076561432E+02
 2.779136467E+01 2.075780640E+02
 2.778794861E+01 2.073563385E+02
 2.773260117E+01 2.035818939E+02
 2.771268082E+01 2.021990204E+02
 2.767899513E+01 1.986441345E+02
 2.764664459E+01 1.956397858E+02
 2.763070297E+01 1.931110382E+02
 2.759238434E+01 1.872630920E+02
 2.758785439E+01 1.860917206E+02
 2.756486893E+01 1.802349854E+02
 2.755088615E+01 1.766719666E+02
 2.754812431E+01 1.759829254E+02
 2.751969910E+01 1.640198059E+02
 2.751255798E+01 1.610609436E+02
 2.749351120E+01 1.477408905E+02
 2.748469925E+01 1.416407623E+02
 2.747241592E+01 1.280481567E+02
 2.746392250E+01 1.186937790E+02
 2.745726776E+01 1.078359299E+02
 2.744989777E+01 9.579502106E+01
 2.744592476E+01 8.804219818E+01
 2.744229698E+01 8.102289581E+01
 2.744119453E+01 8.059577942E+01
 2.744025612E+01 8.036885834E+01
 2.744100952E+01 8.571260834E+01
 2.744189644E+01 9.183895111E+01
 2.744457436E+01 1.023910980E+02
 2.744749069E+01 1.137103500E+02
 2.745326614E+01 1.303236694E+02
 2.745856667E+01 1.454055481E+02
 2.746916389E+01 1.671505585E+02
 2.747632027E+01 1.817158966E+02
 2.749443817E+01 2.066553955E+02
 2.750166321E+01 2.165437927E+02
 2.753163147E+01 2.427564545E+02
 2.753543854E+01 2.460754547E+02
 2.755606270E+01 2.569602661E+02
 2.757863808E+01 2.688767700E+02
 2.758610916E+01 2.710764771E+02
 2.763256454E+01 2.848410645E+02
 2.766617012E+01 2.898419800E+02
 2.769886589E+01 2.947963867E+02
 2.777345276E+01 2.996248474E+02
 2.777951050E+01 3.000072021E+02
 2.778444862E+01 3.000675964E+02
 2.787719154E+01 3.013984070E+02
 2.799096298E+01 3.002578125E+02
 2.799498558E+01 3.002162170E+02
 2.811155701E+01 2.977568359E+02
 2.812310791E+01 2.975486755E+02
 2.823593712E+01 2.959203491E+02
 2.826678467E+01 2.956056213E+02
 2.836349678E+01 2.955470276E+02
 2.841950226E+01 2.956443787E+02
 2.849401283E+01 2.965041809E+02
 2.858161545E+01 2.975086365E+02
 2.862859154E+01 2.983888855E+02
 2.871786118E+01 3.000106201E+02
 2.878522491E+01 3.011389771E+02
 2.883144188E+01 3.019095154E+02
 2.887649536E+01 3.025553894E+02
 2.895197296E+01 3.033810120E+02
 2.905426979E+01 3.039322205E+02
 2.912948990E+01 3.043609009E+02
 2.924725914E+01 3.049809570E+02
 2.929603767E+01 3.052398987E+02
 2.939969444E+01 3.057128601E+02
 2.951795578E+01 3.061231384E+02
 2.955216980E+01 3.061915588E+02
 2.966617584E+01 3.056681824E+02
 2.974176598E+01 3.053132019E+02
 2.982828331E+01 3.042353516E+02
 2.993920517E+01 3.026796570E+02
 3.001053810E+01 3.014916077E+02
 3.013875389E+01 2.994458618E+02
 3.022751427E+01 2.983683777E+02
 3.035433388E+01 2.969209595E+02
 3.047987747E+01 2.963562622E+02
 3.057778740E+01 2.960658264E+02
 3.071541214E+01 2.963736267E+02
 3.076708031E+01 2.965969238E+02
 3.090543365E+01 2.970978088E+02
 3.100673485E+01 2.974108276E+02
 3.117869186E+01 2.971985474E+02
 3.124139977E+01 2.970538940E+02
 3.141006851E+01 2.959900818E+02
 3.144010925E+01 2.957539673E+02
 3.159231949E+01 2.943367310E+02
 3.175461197E+01 2.927678223E+02
 3.182432365E+01 2.921681213E+02
 3.189317322E+01 2.916109314E+02
 3.201925659E+01 2.906620483E+02
 3.212438583E+01 2.897794800E+02
 3.215564346E+01 2.895317993E+02
 3.228859711E+01 2.885050049E+02
 3.234547424E+01 2.880031738E+02
 3.246745300E+01 2.870578918E+02
 3.256424332E+01 2.854476929E+02
 3.263854980E+01 2.843256836E+02
 3.278526688E+01 2.806141357E+02
 3.279448318E+01 2.803847656E+02
 3.280079269E+01 2.802121277E+02
 3.294712067E+01 2.762643127E+02
 3.308088684E+01 2.721781006E+02
 3.308659363E+01 2.720054626E+02
 3.309643936E+01 2.717080383E+02
 3.321799088E+01 2.681517639E+02
 3.326197052E+01 2.669040527E+02
 3.332950974E+01 2.649291992E+02
 3.336920166E+01 2.639459839E+02
 3.341551590E+01 2.629222107E+02
 3.350309372E+01 2.611461182E+02
 3.351361847E+01 2.609374084E+02
 3.351927185E+01 2.608459473E+02
 3.361533737E+01 2.591670227E+02
 3.365350723E+01 2.587453613E+02
 3.369726562E+01 2.581984253E+02
 3.373242188E+01 2.578125916E+02
 3.379455566E+01 2.573648682E+02
 3.381141663E+01 2.572781372E+02
 3.382914352E+01 2.573570862E+02
 3.388407135E+01 2.575298462E+02
 3.393305206E+01 2.579973450E+02
 3.395607758E+01 2.582134399E+02
 3.397658157E+01 2.581701965E+02
 3.401517487E+01 2.583605347E+02
 3.403678513E+01 2.585912476E+02
 3.408030701E+01 2.595128479E+02
 3.409272766E+01 2.598452148E+02
 3.413319016E+01 2.606518250E+02
 3.414562225E+01 2.608927307E+02
 3.414964294E+01 2.609494324E+02
 3.419726562E+01 2.613468933E+02
 3.421343613E+01 2.614851074E+02
 3.424346924E+01 2.616495972E+02
 3.426989365E+01 2.620620117E+02
 3.428611374E+01 2.623978271E+02
 3.432258606E+01 2.630320740E+02
 3.432570267E+01 2.630874634E+02
 3.433359909E+01 2.630355225E+02
 3.436278152E+01 2.628223877E+02
 3.437506485E+01 2.625413818E+02
 3.439664459E+01 2.619143982E+02
 3.442034149E+01 2.613581848E+02
 3.442731476E+01 2.612108765E+02
 3.444467926E+01 2.609586487E+02
 3.445503616E+01 2.607653503E+02
 3.445896912E+01 2.605924683E+02
 3.448000717E+01 2.596921082E+02
 3.449286270E+01 2.587497864E+02
 3.450267792E+01 2.579230652E+02
 3.452312088E+01 2.563010254E+02
 3.452325821E+01 2.562898865E+02
 3.452353287E+01 2.562752991E+02
 3.454223633E+01 2.551112823E+02
 3.455160522E+01 2.543218079E+02
 3.455981445E+01 2.537023621E+02
 3.457254791E+01 2.521041260E+02
 3.457521820E+01 2.517923279E+02
 3.457694244E+01 2.515858307E+02
 3.459008789E+01 2.498248749E+02
 3.460052490E+01 2.486681671E+02
 3.460299301E+01 2.484672699E+02
 3.460595703E+01 2.480808105E+02
 3.461561203E+01 2.466825867E+02
 3.462415695E+01 2.452070770E+02
 3.462724686E+01 2.446474304E+02
 3.462995148E+01 2.441723022E+02
 3.463848114E+01 2.426868134E+02
 3.464805222E+01 2.408699341E+02
 3.464874649E+01 2.407085724E+02
 3.464991760E+01 2.404273834E+02
 3.465848160E+01 2.384225006E+02
 3.466259766E+01 2.373121643E+02
 3.466765976E+01 2.361137848E+02
 3.467424393E+01 2.348453827E+02
 3.467597198E+01 2.342544556E+02
 3.468388748E+01 2.309208374E+02
 3.468423843E+01 2.310173645E+02
 3.469212341E+01 2.350443420E+02
 3.469279861E+01 2.342021484E+02
 3.469928360E+01 2.245305023E+02
 3.470170593E+01 2.387687531E+02
 3.470568466E+01 2.652453613E+02
 3.471091080E+01 1.514820709E+02
 3.471114731E+01 1.464790497E+02
