TITLE     = "VTK Data"
VARIABLES = "X"
"Velocity_X"
ZONE T="Slice: Y=7.794 (region 1)"
 STRANDID=359, SOLUTIONTIME=772
 I=211, J=1, K=1, ZONETYPE=Ordered
 DATAPACKING=POINT
 DT=(SINGLE SINGLE )
 3.409111786E+01 2.025795898E+02
 3.409094238E+01 1.966334229E+02
 3.409060287E+01 1.879406738E+02
 3.390947723E+01 1.846670837E+02
 3.390899658E+01 1.846521759E+02
 3.390804291E+01 1.846596832E+02
 3.370544815E+01 1.862554779E+02
 3.358458710E+01 1.860912933E+02
 3.349034882E+01 1.859398499E+02
 3.331923294E+01 1.898321075E+02
 3.326286697E+01 1.911209106E+02
 3.322752380E+01 1.917762146E+02
 3.302950668E+01 1.953432007E+02
 3.282336807E+01 2.000243835E+02
 3.278905869E+01 2.008022461E+02
 3.275389481E+01 2.015707855E+02
 3.255532455E+01 2.059445038E+02
 3.240705490E+01 2.092418671E+02
 3.231909180E+01 2.111337128E+02
 3.212691879E+01 2.155418854E+02
 3.208028793E+01 2.166108093E+02
 3.206555939E+01 2.169688110E+02
 3.179967880E+01 2.232286682E+02
 3.174392891E+01 2.245375977E+02
 3.174058723E+01 2.246166992E+02
 3.173217583E+01 2.248196411E+02
 3.146376610E+01 2.314364014E+02
 3.136314774E+01 2.340116272E+02
 3.113669777E+01 2.392873840E+02
 3.107119179E+01 2.408516693E+02
 3.091103935E+01 2.444841614E+02
 3.081171608E+01 2.467727509E+02
 3.077376175E+01 2.475872345E+02
 3.057194710E+01 2.516703644E+02
 3.046432495E+01 2.535437927E+02
 3.026570320E+01 2.569212646E+02
 3.018774986E+01 2.581582031E+02
 3.003325844E+01 2.605463257E+02
 2.995092392E+01 2.615266113E+02
 2.985588837E+01 2.625458984E+02
 2.968213654E+01 2.640259705E+02
 2.966109467E+01 2.642114258E+02
 2.964534950E+01 2.643056335E+02
 2.947745323E+01 2.653237000E+02
 2.933481979E+01 2.656993408E+02
 2.927554131E+01 2.659259949E+02
 2.921697998E+01 2.660665588E+02
 2.909518242E+01 2.662830505E+02
 2.899126434E+01 2.661281738E+02
 2.893300438E+01 2.659470215E+02
 2.875057602E+01 2.653319702E+02
 2.874161530E+01 2.652870789E+02
 2.873020744E+01 2.652373962E+02
 2.857302475E+01 2.646459351E+02
 2.846742249E+01 2.641146851E+02
 2.842849541E+01 2.638803101E+02
 2.831529617E+01 2.633373413E+02
 2.831359863E+01 2.633293457E+02
 2.831231689E+01 2.633229065E+02
 2.820842743E+01 2.627449341E+02
 2.816182327E+01 2.624559326E+02
 2.807100868E+01 2.620206604E+02
 2.798744774E+01 2.614885254E+02
 2.792428589E+01 2.611680298E+02
 2.787570953E+01 2.608861084E+02
 2.773267746E+01 2.606445312E+02
 2.772231674E+01 2.606182861E+02
 2.771434212E+01 2.606477966E+02
 2.757666016E+01 2.611849060E+02
 2.745487595E+01 2.616659241E+02
 2.744143105E+01 2.617156677E+02
 2.742702675E+01 2.618234558E+02
 2.729931450E+01 2.627151489E+02
 2.718801689E+01 2.639964600E+02
 2.715179253E+01 2.643782043E+02
 2.707277298E+01 2.654053345E+02
 2.700792122E+01 2.662526550E+02
 2.698511887E+01 2.665498962E+02
 2.687164879E+01 2.680455322E+02
 2.682518005E+01 2.685140381E+02
 2.674500656E+01 2.689671021E+02
 2.670415688E+01 2.690339355E+02
 2.656387711E+01 2.690021057E+02
 2.654838371E+01 2.690061646E+02
 2.654388237E+01 2.690202637E+02
 2.649215889E+01 2.691324463E+02
 2.638457680E+01 2.693166199E+02
 2.636776352E+01 2.691903687E+02
 2.626471901E+01 2.681794739E+02
 2.615203667E+01 2.659714355E+02
 2.609854507E+01 2.651063232E+02
 2.595332909E+01 2.616902161E+02
 2.590093231E+01 2.602918396E+02
 2.576645279E+01 2.556150513E+02
 2.571262360E+01 2.536270142E+02
 2.558862877E+01 2.477912140E+02
 2.554269218E+01 2.455522003E+02
 2.546171951E+01 2.408960876E+02
 2.538628769E+01 2.365756378E+02
 2.530837059E+01 2.311329803E+02
 2.525478745E+01 2.273533325E+02
 2.522657776E+01 2.248843079E+02
 2.514468384E+01 2.177031708E+02
 2.507921219E+01 2.101998901E+02
 2.505291557E+01 2.071841583E+02
 2.498574066E+01 1.965489197E+02
 2.497696877E+01 1.951619873E+02
 2.497488213E+01 1.946935272E+02
 2.491468048E+01 1.810735474E+02
 2.490170860E+01 1.766542816E+02
 2.486441231E+01 1.637686005E+02
 2.484773254E+01 1.555444641E+02
 2.482492447E+01 1.440315552E+02
 2.481117058E+01 1.334967957E+02
 2.479542923E+01 1.217358322E+02
 2.478316116E+01 1.097495117E+02
 2.477553940E+01 1.020621643E+02
 2.476852608E+01 9.534775543E+01
 2.476491547E+01 9.169351196E+01
 2.476320267E+01 9.530630493E+01
 2.476237488E+01 9.691374969E+01
 2.476336861E+01 1.026066742E+02
 2.476546097E+01 1.145532913E+02
 2.476863289E+01 1.241715698E+02
 2.477478981E+01 1.426833649E+02
 2.478152847E+01 1.570836639E+02
 2.479248238E+01 1.801509399E+02
 2.480499458E+01 1.985764160E+02
 2.482003784E+01 2.203083191E+02
 2.484191513E+01 2.413326569E+02
 2.485850716E+01 2.569275513E+02
 2.489556503E+01 2.792034912E+02
 2.490890503E+01 2.870299072E+02
 2.497050285E+01 3.090650330E+02
 2.497247505E+01 3.097523193E+02
 2.498042679E+01 3.113215027E+02
 2.505088043E+01 3.253243713E+02
 2.508035088E+01 3.284146118E+02
 2.514612007E+01 3.351124878E+02
 2.523807144E+01 3.397932129E+02
 2.526049805E+01 3.409041748E+02
 2.530006027E+01 3.418273621E+02
 2.539714813E+01 3.441252747E+02
 2.550023842E+01 3.452994690E+02
 2.555934525E+01 3.459409180E+02
 2.559046364E+01 3.459244080E+02
 2.573460197E+01 3.459643250E+02
 2.576843834E+01 3.456132202E+02
 2.592808533E+01 3.440511475E+02
 2.595529366E+01 3.437297974E+02
 2.613030815E+01 3.420131836E+02
 2.614729881E+01 3.420429382E+02
 2.634169197E+01 3.427535095E+02
 2.634426689E+01 3.427683411E+02
 2.636455917E+01 3.423426514E+02
 2.654076767E+01 3.391851196E+02
 2.656365776E+01 3.380582275E+02
 2.673580551E+01 3.104826050E+02
 2.677936363E+01 3.022062683E+02
 2.698184586E+01 2.742526855E+02
 2.702527809E+01 2.695893250E+02
 2.720464325E+01 2.669651489E+02
 2.727053642E+01 2.686413879E+02
 2.739998245E+01 2.743025208E+02
 2.758409691E+01 2.844590149E+02
 2.760249901E+01 2.852796326E+02
 2.780849648E+01 2.924461975E+02
 2.789854240E+01 2.945321045E+02
 2.811018562E+01 2.980986938E+02
 2.819679642E+01 2.980880127E+02
 2.841080284E+01 2.972876282E+02
 2.858648109E+01 2.954939575E+02
 2.867125511E+01 2.946219482E+02
 2.880640411E+01 2.926181946E+02
 2.889521027E+01 2.913494873E+02
 2.894745827E+01 2.904254456E+02
 2.913106346E+01 2.872074280E+02
 2.944518089E+01 2.830691833E+02
 2.947764206E+01 2.825964966E+02
 2.949909782E+01 2.823655396E+02
 2.990506935E+01 2.795862427E+02
 3.000187302E+01 2.791286621E+02
 3.036751938E+01 2.777987976E+02
 3.041283989E+01 2.776253357E+02
 3.071231270E+01 2.753109741E+02
 3.077605820E+01 2.746600647E+02
 3.107952690E+01 2.710214844E+02
 3.118001556E+01 2.698297119E+02
 3.137957573E+01 2.669849243E+02
 3.161478424E+01 2.627206726E+02
 3.167237854E+01 2.615639038E+02
 3.171778488E+01 2.606873474E+02
 3.198919106E+01 2.553536987E+02
 3.208020401E+01 2.536062164E+02
 3.224661255E+01 2.502640381E+02
 3.240829468E+01 2.474540405E+02
 3.248788071E+01 2.460558014E+02
 3.264949417E+01 2.435915070E+02
 3.277072906E+01 2.417527313E+02
 3.282304382E+01 2.411230316E+02
 3.304085159E+01 2.386855927E+02
 3.305649567E+01 2.384953613E+02
 3.323159409E+01 2.362341614E+02
 3.336109161E+01 2.348170166E+02
 3.346540451E+01 2.337648010E+02
 3.364550018E+01 2.289049988E+02
 3.369248581E+01 2.276492920E+02
 3.371713638E+01 2.271322479E+02
 3.389959335E+01 2.233781433E+02
 3.403009415E+01 2.091892090E+02
 3.409111786E+01 2.025795898E+02
