TITLE     = "VTK Data"
VARIABLES = "X"
"Velocity_X"
ZONE T="Slice: Y=5.358 (region 1)"
 STRANDID=344, SOLUTIONTIME=772
 I=208, J=1, K=1, ZONETYPE=Ordered
 DATAPACKING=POINT
 DT=(SINGLE SINGLE )
 3.370275879E+01 1.946823120E+02
 3.370236588E+01 1.913369293E+02
 3.370199203E+01 1.889470062E+02
 3.362813187E+01 1.889096680E+02
 3.352067184E+01 1.907687836E+02
 3.332198334E+01 1.926574249E+02
 3.331763840E+01 1.926974487E+02
 3.330996704E+01 1.926853333E+02
 3.310634232E+01 1.923081970E+02
 3.296754074E+01 1.952771454E+02
 3.288697815E+01 1.969861298E+02
 3.280982971E+01 1.982084351E+02
 3.266653824E+01 2.005636902E+02
 3.247705078E+01 2.045398254E+02
 3.245178604E+01 2.050611572E+02
 3.232136536E+01 2.077415619E+02
 3.221892548E+01 2.098379364E+02
 3.220434952E+01 2.101423035E+02
 3.217362595E+01 2.107791901E+02
 3.197283936E+01 2.149112244E+02
 3.178760529E+01 2.185300751E+02
 3.172422218E+01 2.197671814E+02
 3.168413162E+01 2.205242920E+02
 3.150692177E+01 2.239471436E+02
 3.144126892E+01 2.252154388E+02
 3.131943130E+01 2.275828400E+02
 3.116609192E+01 2.303753204E+02
 3.107323456E+01 2.320753632E+02
 3.097209740E+01 2.338810120E+02
 3.084723854E+01 2.361538239E+02
 3.076010704E+01 2.377337646E+02
 3.065085030E+01 2.396382446E+02
 3.050212669E+01 2.421086121E+02
 3.039610481E+01 2.438221741E+02
 3.027451324E+01 2.457834167E+02
 3.003635979E+01 2.491047668E+02
 3.001233101E+01 2.494337158E+02
 2.999421692E+01 2.496754913E+02
 2.973292351E+01 2.530853119E+02
 2.964482117E+01 2.542017670E+02
 2.950618362E+01 2.559581451E+02
 2.939080048E+01 2.573168030E+02
 2.930376625E+01 2.582516174E+02
 2.918694305E+01 2.594715271E+02
 2.905306053E+01 2.607796326E+02
 2.897836876E+01 2.614992065E+02
 2.885547447E+01 2.626327515E+02
 2.874730110E+01 2.636073303E+02
 2.866780472E+01 2.643885498E+02
 2.852679825E+01 2.658547363E+02
 2.843563461E+01 2.667797852E+02
 2.828832436E+01 2.680417175E+02
 2.820400620E+01 2.687586670E+02
 2.809599113E+01 2.697743530E+02
 2.797994041E+01 2.707431030E+02
 2.778637695E+01 2.727308350E+02
 2.775063896E+01 2.731019287E+02
 2.753253746E+01 2.756567383E+02
 2.750653076E+01 2.759504395E+02
 2.728597450E+01 2.784695435E+02
 2.726047134E+01 2.787256775E+02
 2.701999664E+01 2.817918091E+02
 2.697598648E+01 2.824010315E+02
 2.672538948E+01 2.860051575E+02
 2.665781212E+01 2.869318237E+02
 2.642268372E+01 2.893198853E+02
 2.630607605E+01 2.896457520E+02
 2.612363052E+01 2.901408997E+02
 2.587299156E+01 2.876376038E+02
 2.585594559E+01 2.875110474E+02
 2.584054947E+01 2.872120056E+02
 2.560393333E+01 2.827158813E+02
 2.549119759E+01 2.798165283E+02
 2.533708191E+01 2.763609924E+02
 2.518231392E+01 2.722599182E+02
 2.511360931E+01 2.704130249E+02
 2.495145226E+01 2.653217163E+02
 2.490601921E+01 2.638999634E+02
 2.488682556E+01 2.631766357E+02
 2.467280769E+01 2.556903687E+02
 2.461376572E+01 2.535074921E+02
 2.442393684E+01 2.467733917E+02
 2.434246254E+01 2.431168518E+02
 2.419606018E+01 2.365923004E+02
 2.400251961E+01 2.267493744E+02
 2.397873688E+01 2.255573120E+02
 2.396183014E+01 2.245299072E+02
 2.379421997E+01 2.141458282E+02
 2.368411064E+01 2.058102722E+02
 2.363834000E+01 2.022791138E+02
 2.354804420E+01 1.936053619E+02
 2.350755119E+01 1.897534943E+02
 2.349505234E+01 1.882302551E+02
 2.339867401E+01 1.762328033E+02
 2.336303711E+01 1.703189392E+02
 2.330897713E+01 1.611378937E+02
 2.326502419E+01 1.508101196E+02
 2.323616219E+01 1.438474274E+02
 2.319287300E+01 1.292283020E+02
 2.317870712E+01 1.243095093E+02
 2.314171410E+01 1.067286835E+02
 2.313560867E+01 1.037377930E+02
 2.310863495E+01 8.746730804E+01
 2.310645866E+01 8.610827637E+01
 2.309163094E+01 7.908174133E+01
 2.309099960E+01 7.877098083E+01
 2.308778000E+01 8.820340729E+01
 2.308766747E+01 8.853802490E+01
 2.308786201E+01 8.938563538E+01
 2.309358597E+01 1.131044693E+02
 2.309438133E+01 1.149040756E+02
 2.311052704E+01 1.501183014E+02
 2.311316109E+01 1.540780792E+02
 2.314118958E+01 1.947470551E+02
 2.314845657E+01 2.018535309E+02
 2.318691444E+01 2.379603271E+02
 2.320380974E+01 2.480992126E+02
 2.324852562E+01 2.736096191E+02
 2.328319359E+01 2.854646606E+02
 2.332709312E+01 2.995558167E+02
 2.339255524E+01 3.113234558E+02
 2.342415428E+01 3.166022339E+02
 2.354137993E+01 3.272647095E+02
 2.354172897E+01 3.272942200E+02
 2.354273796E+01 3.273417053E+02
 2.368236160E+01 3.340065002E+02
 2.376135254E+01 3.361821289E+02
 2.384877205E+01 3.384965210E+02
 2.399683762E+01 3.403292236E+02
 2.404395866E+01 3.409030457E+02
 2.409320641E+01 3.409461365E+02
 2.427176476E+01 3.410491333E+02
 2.437596321E+01 3.408663940E+02
 2.451502037E+01 3.404822083E+02
 2.464116096E+01 3.397030334E+02
 2.476669502E+01 3.387332764E+02
 2.492845726E+01 3.375917969E+02
 2.502058220E+01 3.368851624E+02
 2.519485283E+01 3.362095337E+02
 2.522362709E+01 3.361024170E+02
 2.541551590E+01 3.349527588E+02
 2.547984886E+01 3.346053467E+02
 2.572344780E+01 3.272707520E+02
 2.580409431E+01 3.244601135E+02
 2.605643272E+01 3.043615417E+02
 2.611804199E+01 2.996568298E+02
 2.614750481E+01 2.974483948E+02
 2.637813950E+01 2.776766663E+02
 2.654502106E+01 2.699608154E+02
 2.658421326E+01 2.690034180E+02
 2.676164055E+01 2.683069458E+02
 2.712044716E+01 2.731003723E+02
 2.712539291E+01 2.731529846E+02
 2.712788010E+01 2.731867371E+02
 2.714230537E+01 2.733632507E+02
 2.754805183E+01 2.790202942E+02
 2.765526581E+01 2.796742859E+02
 2.790431404E+01 2.805782776E+02
 2.819209671E+01 2.794943237E+02
 2.824429512E+01 2.793376465E+02
 2.832506943E+01 2.786500549E+02
 2.857548714E+01 2.768487854E+02
 2.873128700E+01 2.756510010E+02
 2.890273666E+01 2.742500000E+02
 2.918069649E+01 2.725476990E+02
 2.923585701E+01 2.722484741E+02
 2.926890755E+01 2.720869446E+02
 2.953992081E+01 2.710048218E+02
 2.969940186E+01 2.702819824E+02
 2.978621101E+01 2.699112854E+02
 2.996288490E+01 2.688625793E+02
 3.005311012E+01 2.682585449E+02
 3.022681236E+01 2.668154907E+02
 3.031127167E+01 2.659820862E+02
 3.044426346E+01 2.645790100E+02
 3.056778717E+01 2.629430847E+02
 3.064433861E+01 2.619302979E+02
 3.070382500E+01 2.610596313E+02
 3.084974670E+01 2.589142761E+02
 3.094532776E+01 2.574169617E+02
 3.101320457E+01 2.563893433E+02
 3.108895874E+01 2.551180878E+02
 3.119131851E+01 2.535064240E+02
 3.129866791E+01 2.517675934E+02
 3.138053131E+01 2.504440613E+02
 3.153033447E+01 2.480657806E+02
 3.157997131E+01 2.472975769E+02
 3.159783363E+01 2.470378571E+02
 3.179985046E+01 2.441540527E+02
 3.181217957E+01 2.439883575E+02
 3.184467888E+01 2.435590210E+02
 3.201482010E+01 2.413153839E+02
 3.212760162E+01 2.399368134E+02
 3.223331451E+01 2.387026672E+02
 3.230621338E+01 2.378890686E+02
 3.243687820E+01 2.363792725E+02
 3.251340485E+01 2.354915771E+02
 3.265900803E+01 2.338802032E+02
 3.273719025E+01 2.328136444E+02
 3.286643982E+01 2.309825439E+02
 3.307955551E+01 2.276766205E+02
 3.309677887E+01 2.274082489E+02
 3.311111069E+01 2.270030365E+02
 3.331772232E+01 2.213426819E+02
 3.346749496E+01 2.168926392E+02
 3.351396942E+01 2.155615387E+02
 3.358498383E+01 2.077466278E+02
 3.370275879E+01 1.946823120E+02
