TITLE     = "VTK Data"
VARIABLES = "X"
"Velocity_X"
ZONE T="Slice: Y=26.791 (region 1)"
 STRANDID=476, SOLUTIONTIME=772
 I=199, J=1, K=1, ZONETYPE=Ordered
 DATAPACKING=POINT
 DT=(SINGLE SINGLE )
 4.174499512E+01 1.934715271E+02
 4.174536514E+01 1.852614288E+02
 4.174549484E+01 1.824000549E+02
 4.173568344E+01 1.815634613E+02
 4.168857193E+01 1.775086975E+02
 4.166797638E+01 1.764471436E+02
 4.162289047E+01 1.741613007E+02
 4.159544373E+01 1.734478760E+02
 4.154837799E+01 1.722201538E+02
 4.151823425E+01 1.730318298E+02
 4.147218704E+01 1.742217255E+02
 4.143984604E+01 1.749286346E+02
 4.139553833E+01 1.759563751E+02
 4.135638046E+01 1.776278229E+02
 4.131767273E+01 1.793236847E+02
 4.126834488E+01 1.815413361E+02
 4.123289108E+01 1.830492706E+02
 4.118459320E+01 1.852021179E+02
 4.114807129E+01 1.869832001E+02
 4.111789322E+01 1.885460052E+02
 4.106274414E+01 1.913693085E+02
 4.103523254E+01 1.927408600E+02
 4.101919937E+01 1.935654144E+02
 4.094639969E+01 1.972366333E+02
 4.087578201E+01 2.008680725E+02
 4.084450150E+01 2.025011444E+02
 4.081609344E+01 2.040248718E+02
 4.074428940E+01 2.078336792E+02
 4.066736221E+01 2.119808807E+02
 4.064355087E+01 2.132543488E+02
 4.061293411E+01 2.148576355E+02
 4.052195740E+01 2.194891205E+02
 4.040845108E+01 2.250918884E+02
 4.040199280E+01 2.254081726E+02
 4.039538956E+01 2.256925354E+02
 4.027929306E+01 2.305230103E+02
 4.020880127E+01 2.331357574E+02
 4.012103653E+01 2.365400391E+02
 4.001705170E+01 2.403468323E+02
 4.000613403E+01 2.407145538E+02
 3.998689270E+01 2.411303711E+02
 3.988462448E+01 2.434034271E+02
 3.984893799E+01 2.441820526E+02
 3.970866394E+01 2.466188202E+02
 3.966114426E+01 2.474940643E+02
 3.954721832E+01 2.490318756E+02
 3.947576141E+01 2.499236603E+02
 3.940987396E+01 2.504807129E+02
 3.930274582E+01 2.511610718E+02
 3.928945923E+01 2.512032166E+02
 3.925335312E+01 2.512423096E+02
 3.917099762E+01 2.513982391E+02
 3.914590073E+01 2.514125366E+02
 3.901503372E+01 2.512721710E+02
 3.900941849E+01 2.512741547E+02
 3.900153351E+01 2.512425537E+02
 3.889592361E+01 2.507499695E+02
 3.882280731E+01 2.503267822E+02
 3.879443359E+01 2.502297363E+02
 3.876342010E+01 2.499979706E+02
 3.871406174E+01 2.494813080E+02
 3.866305161E+01 2.486964722E+02
 3.862860107E+01 2.481261902E+02
 3.855969238E+01 2.469982147E+02
 3.853723145E+01 2.465664215E+02
 3.845319366E+01 2.450598450E+02
 3.844401169E+01 2.448514404E+02
 3.838437653E+01 2.434539185E+02
 3.835938644E+01 2.428694611E+02
 3.835572052E+01 2.427817535E+02
 3.827694321E+01 2.403952484E+02
 3.826359558E+01 2.399979248E+02
 3.819809341E+01 2.374339905E+02
 3.818096542E+01 2.367526550E+02
 3.814249802E+01 2.348919067E+02
 3.810662460E+01 2.331852875E+02
 3.809475327E+01 2.324242401E+02
 3.806642914E+01 2.306005554E+02
 3.805123138E+01 2.296264191E+02
 3.804480362E+01 2.292126160E+02
 3.801240158E+01 2.261983032E+02
 3.799351883E+01 2.244425354E+02
 3.797690582E+01 2.220260468E+02
 3.795111465E+01 2.182765198E+02
 3.794493484E+01 2.167778473E+02
 3.791835022E+01 2.103425598E+02
 3.791661453E+01 2.099226074E+02
 3.791620636E+01 2.098241425E+02
 3.789260101E+01 2.000206757E+02
 3.788772202E+01 1.979986572E+02
 3.787184525E+01 1.866813812E+02
 3.786480331E+01 1.816762543E+02
 3.785435486E+01 1.691278534E+02
 3.784680557E+01 1.600854797E+02
 3.784015656E+01 1.471314087E+02
 3.783329773E+01 1.338058472E+02
 3.782933044E+01 1.220983276E+02
 3.782403564E+01 1.065065155E+02
 3.782080460E+01 9.406374359E+01
 3.781879425E+01 8.628996277E+01
 3.781771088E+01 8.293972015E+01
 3.781706238E+01 8.092269897E+01
 3.781739807E+01 8.516011810E+01
 3.781794357E+01 9.195435333E+01
 3.781959915E+01 1.028957596E+02
 3.782197571E+01 1.184944229E+02
 3.782577896E+01 1.362463837E+02
 3.783006668E+01 1.561870270E+02
 3.783722305E+01 1.782548981E+02
 3.784266663E+01 1.950299988E+02
 3.785503006E+01 2.183491364E+02
 3.786003876E+01 2.278045654E+02
 3.788056183E+01 2.500062256E+02
 3.788256073E+01 2.521741028E+02
 3.789214325E+01 2.576703186E+02
 3.791083145E+01 2.683843689E+02
 3.791751480E+01 2.702236633E+02
 3.794567108E+01 2.780104065E+02
 3.797064209E+01 2.810806274E+02
 3.798811340E+01 2.832391968E+02
 3.802627182E+01 2.852879333E+02
 3.803955460E+01 2.859988098E+02
 3.805063629E+01 2.862778320E+02
 3.810162735E+01 2.875636597E+02
 3.816323853E+01 2.886128845E+02
 3.817632675E+01 2.888414612E+02
 3.824506378E+01 2.898925476E+02
 3.825919342E+01 2.901112976E+02
 3.832436371E+01 2.908882446E+02
 3.835138321E+01 2.912159424E+02
 3.840595627E+01 2.917491150E+02
 3.844837952E+01 2.921901245E+02
 3.848894882E+01 2.925571594E+02
 3.855015945E+01 2.931236267E+02
 3.856959534E+01 2.933530884E+02
 3.861273575E+01 2.935798645E+02
 3.865239334E+01 2.938254395E+02
 3.867062759E+01 2.939467163E+02
 3.875090027E+01 2.945827332E+02
 3.876450729E+01 2.947614136E+02
 3.881729507E+01 2.954730225E+02
 3.882635880E+01 2.955826111E+02
 3.888959503E+01 2.959551392E+02
 3.890102768E+01 2.960212708E+02
 3.890145493E+01 2.960235291E+02
 3.890394592E+01 2.960268860E+02
 3.900156021E+01 2.961597900E+02
 3.901976776E+01 2.962141724E+02
 3.911660385E+01 2.966035461E+02
 3.915414047E+01 2.968407898E+02
 3.924047089E+01 2.977630615E+02
 3.925286865E+01 2.978423157E+02
 3.933668518E+01 2.980610046E+02
 3.939421082E+01 2.982230835E+02
 3.949443436E+01 2.986795654E+02
 3.953704071E+01 2.990732727E+02
 3.959436798E+01 2.997904053E+02
 3.965607071E+01 3.005281677E+02
 3.974331665E+01 3.014667969E+02
 3.978229523E+01 3.018863831E+02
 3.981217575E+01 3.023034058E+02
 3.993282318E+01 3.037496033E+02
 4.004795837E+01 3.059031677E+02
 4.009649277E+01 3.068030396E+02
 4.016323471E+01 3.076854858E+02
 4.025333786E+01 3.088960876E+02
 4.035134506E+01 3.092106323E+02
 4.042358398E+01 3.091399231E+02
 4.045645523E+01 3.084238281E+02
 4.061005783E+01 3.043471375E+02
 4.061410904E+01 3.040990906E+02
 4.061926651E+01 3.037841492E+02
 4.073879242E+01 2.963872681E+02
 4.077904510E+01 2.931908875E+02
 4.083552170E+01 2.887551575E+02
 4.087385178E+01 2.860603943E+02
 4.096189499E+01 2.806036987E+02
 4.098594666E+01 2.794822998E+02
 4.109886551E+01 2.749865112E+02
 4.110122299E+01 2.749127502E+02
 4.110422897E+01 2.748398438E+02
 4.119688797E+01 2.721447449E+02
 4.122966003E+01 2.717611084E+02
 4.126938248E+01 2.711233215E+02
 4.130868912E+01 2.710093994E+02
 4.132446289E+01 2.709801025E+02
 4.137934875E+01 2.708379517E+02
 4.140087128E+01 2.711314392E+02
 4.146772003E+01 2.708587646E+02
 4.147301865E+01 2.708751831E+02
 4.147466660E+01 2.708527527E+02
 4.149900055E+01 2.704348755E+02
 4.155228806E+01 2.695043640E+02
 4.155677414E+01 2.689234314E+02
 4.162269974E+01 2.605791626E+02
 4.163266373E+01 2.589192505E+02
 4.168836975E+01 2.495901337E+02
 4.170486832E+01 2.331527863E+02
 4.174499512E+01 1.934715271E+02
