TITLE     = "VTK Data"
VARIABLES = "X"
"Velocity_X"
ZONE T="Slice: Y=7.956 (region 1)"
 STRANDID=360, SOLUTIONTIME=772
 I=128, J=1, K=1, ZONETYPE=Ordered
 DATAPACKING=POINT
 DT=(SINGLE SINGLE )
 2.445433807E+01 2.632589722E+02
 2.449434090E+01 2.635322876E+02
 2.454037094E+01 2.637713928E+02
 2.453258133E+01 2.646641541E+02
 2.453238487E+01 2.646730042E+02
 2.453004456E+01 2.646808472E+02
 2.434358788E+01 2.650961304E+02
 2.427994347E+01 2.651062317E+02
 2.415430260E+01 2.658220215E+02
 2.403349304E+01 2.661708679E+02
 2.398247147E+01 2.663474731E+02
 2.394963455E+01 2.659229736E+02
 2.380063248E+01 2.663374329E+02
 2.371572113E+01 2.659514160E+02
 2.362858009E+01 2.651917114E+02
 2.359916306E+01 2.649613953E+02
 2.354945564E+01 2.652547302E+02
 2.341236877E+01 2.657443542E+02
 2.330946350E+01 2.651849670E+02
 2.324345589E+01 2.648998108E+02
 2.310326958E+01 2.648724670E+02
 2.307065392E+01 2.648504028E+02
 2.305452538E+01 2.649620667E+02
 2.291081047E+01 2.658826294E+02
 2.283255768E+01 2.661053467E+02
 2.279049873E+01 2.660511475E+02
 2.267250061E+01 2.651839905E+02
 2.265276337E+01 2.650931702E+02
 2.263686180E+01 2.651028137E+02
 2.250156021E+01 2.645904846E+02
 2.249453163E+01 2.645679321E+02
 2.249364090E+01 2.645606079E+02
 2.236578560E+01 2.629294128E+02
 2.235397148E+01 2.627903748E+02
 2.223485184E+01 2.619777832E+02
 2.223172951E+01 2.619520264E+02
 2.222037697E+01 2.618895569E+02
 2.212171173E+01 2.614515991E+02
 2.208985329E+01 2.613323975E+02
 2.201862335E+01 2.607096863E+02
 2.197626686E+01 2.602557373E+02
 2.193874931E+01 2.594969482E+02
 2.188393402E+01 2.584034119E+02
 2.185928726E+01 2.579804993E+02
 2.184291458E+01 2.580256348E+02
 2.178399467E+01 2.611141663E+02
 2.172681999E+01 2.711634827E+02
 2.171262550E+01 2.724782410E+02
 2.168465805E+01 2.815237427E+02
 2.164514923E+01 2.959241638E+02
 2.162907219E+01 3.005037537E+02
 2.158005905E+01 3.161766663E+02
 2.156099701E+01 3.155608215E+02
 2.151656342E+01 3.186211548E+02
 2.150976753E+01 3.172078857E+02
 2.149757004E+01 3.152596130E+02
 2.146979141E+01 3.101979065E+02
 2.145044518E+01 3.075670471E+02
 2.143698883E+01 3.047935791E+02
 2.142704773E+01 3.027232361E+02
 2.141243172E+01 2.990969543E+02
 2.139257240E+01 2.938612671E+02
 2.139216805E+01 2.937300415E+02
 2.139123726E+01 2.934693909E+02
 2.138092422E+01 2.904044189E+02
 2.137909126E+01 2.900872498E+02
 2.137669182E+01 2.895980530E+02
 2.137689590E+01 2.899012756E+02
 2.138162613E+01 2.901184998E+02
 2.138422394E+01 2.902670593E+02
 2.139929581E+01 2.903795166E+02
 2.139995766E+01 2.904067078E+02
 2.140192604E+01 2.904627380E+02
 2.142652893E+01 2.909778137E+02
 2.144409561E+01 2.909966736E+02
 2.146070290E+01 2.913992920E+02
 2.148097610E+01 2.915075073E+02
 2.150464630E+01 2.894514771E+02
 2.154306984E+01 2.856607056E+02
 2.155797768E+01 2.843131104E+02
 2.156648064E+01 2.835814819E+02
 2.163132095E+01 2.744678040E+02
 2.165555763E+01 2.712934570E+02
 2.172495079E+01 2.663380127E+02
 2.174723053E+01 2.645247498E+02
 2.176896095E+01 2.639061279E+02
 2.184235382E+01 2.628210144E+02
 2.188263130E+01 2.626334839E+02
 2.195356560E+01 2.629046326E+02
 2.199246788E+01 2.630036621E+02
 2.205442810E+01 2.627973938E+02
 2.208372307E+01 2.626856995E+02
 2.218120384E+01 2.614873352E+02
 2.218604279E+01 2.614181519E+02
 2.222695160E+01 2.609730530E+02
 2.232684135E+01 2.598532715E+02
 2.233578110E+01 2.597467346E+02
 2.235124397E+01 2.596127014E+02
 2.248988342E+01 2.584840393E+02
 2.258329201E+01 2.587860107E+02
 2.261984062E+01 2.588916321E+02
 2.274534035E+01 2.587062988E+02
 2.276365662E+01 2.585343628E+02
 2.283657265E+01 2.577306824E+02
 2.291946793E+01 2.567565308E+02
 2.294832039E+01 2.567927246E+02
 2.306949234E+01 2.573122864E+02
 2.317340660E+01 2.573939819E+02
 2.320542336E+01 2.573052979E+02
 2.325569916E+01 2.568638611E+02
 2.334504890E+01 2.562546082E+02
 2.341049004E+01 2.561051331E+02
 2.347397614E+01 2.561042786E+02
 2.360355186E+01 2.564658203E+02
 2.361454773E+01 2.565804443E+02
 2.363527489E+01 2.565988770E+02
 2.375839806E+01 2.571876221E+02
 2.388992310E+01 2.573600464E+02
 2.389100838E+01 2.573741760E+02
 2.389277077E+01 2.573729248E+02
 2.401544571E+01 2.579255981E+02
 2.408588600E+01 2.582300415E+02
 2.418353271E+01 2.589686279E+02
 2.426481438E+01 2.600450439E+02
 2.432261086E+01 2.613941650E+02
 2.437196922E+01 2.624738770E+02
 2.442347908E+01 2.630909119E+02
 2.445433807E+01 2.632589722E+02
