TITLE     = "VTK Data"
VARIABLES = "X"
"Velocity_X"
ZONE T="Slice: Y=10.716 (region 1)"
 STRANDID=377, SOLUTIONTIME=772
 I=311, J=1, K=1, ZONETYPE=Ordered
 DATAPACKING=POINT
 DT=(SINGLE SINGLE )
 2.698317146E+01 1.538593750E+02
 2.698302841E+01 1.583907166E+02
 2.698250771E+01 1.713126831E+02
 2.696743202E+01 1.762696991E+02
 2.692238045E+01 1.888167877E+02
 2.687602234E+01 1.785269470E+02
 2.685487747E+01 1.733335876E+02
 2.683791351E+01 1.722074738E+02
 2.678209496E+01 1.683907013E+02
 2.672782516E+01 1.641560211E+02
 2.670332527E+01 1.624539490E+02
 2.662551689E+01 1.583280640E+02
 2.662316132E+01 1.582080536E+02
 2.661390495E+01 1.577664032E+02
 2.654276657E+01 1.543427582E+02
 2.652817345E+01 1.537057037E+02
 2.645796776E+01 1.509133301E+02
 2.643206406E+01 1.499391327E+02
 2.635793877E+01 1.473394775E+02
 2.632867432E+01 1.463153839E+02
 2.628468704E+01 1.448013306E+02
 2.624540138E+01 1.434519348E+02
 2.616287041E+01 1.411223145E+02
 2.614112282E+01 1.405467529E+02
 2.610959625E+01 1.397619629E+02
 2.602418137E+01 1.375071106E+02
 2.593966484E+01 1.354243469E+02
 2.591098213E+01 1.347024841E+02
 2.588716507E+01 1.341792603E+02
 2.580590820E+01 1.324167938E+02
 2.572651672E+01 1.307925568E+02
 2.567919731E+01 1.297739563E+02
 2.557840729E+01 1.280756226E+02
 2.553927803E+01 1.274723816E+02
 2.548587990E+01 1.265845261E+02
 2.542191887E+01 1.255607605E+02
 2.534092140E+01 1.245400925E+02
 2.531086349E+01 1.241420212E+02
 2.529281998E+01 1.239487305E+02
 2.519956589E+01 1.227407990E+02
 2.509009743E+01 1.216291504E+02
 2.507178116E+01 1.214161377E+02
 2.506006622E+01 1.213274155E+02
 2.492371178E+01 1.202099380E+02
 2.490163803E+01 1.200031586E+02
 2.475773239E+01 1.189662476E+02
 2.474964905E+01 1.189305649E+02
 2.471610451E+01 1.188290558E+02
 2.459566689E+01 1.184140701E+02
 2.455759621E+01 1.182676163E+02
 2.444750404E+01 1.176384659E+02
 2.433080482E+01 1.172378082E+02
 2.430735588E+01 1.171516113E+02
 2.428096581E+01 1.171508560E+02
 2.416488266E+01 1.171162720E+02
 2.405001450E+01 1.171551590E+02
 2.402852631E+01 1.171157074E+02
 2.397225380E+01 1.171732330E+02
 2.387858200E+01 1.171910782E+02
 2.385416985E+01 1.172232056E+02
 2.379636002E+01 1.174036331E+02
 2.370880508E+01 1.176697998E+02
 2.362825394E+01 1.179826508E+02
 2.361800575E+01 1.180307465E+02
 2.351930618E+01 1.188316498E+02
 2.347771454E+01 1.191827393E+02
 2.338031960E+01 1.200355759E+02
 2.329712105E+01 1.207165527E+02
 2.322039604E+01 1.214995651E+02
 2.311896706E+01 1.224132080E+02
 2.307313347E+01 1.228665390E+02
 2.290458679E+01 1.247226257E+02
 2.290105629E+01 1.247645874E+02
 2.289514923E+01 1.248596802E+02
 2.272867775E+01 1.273757324E+02
 2.255947495E+01 1.308768463E+02
 2.254431343E+01 1.311674347E+02
 2.252426338E+01 1.316488495E+02
 2.235978889E+01 1.354217377E+02
 2.224542809E+01 1.388703156E+02
 2.218576813E+01 1.405938110E+02
 2.209342575E+01 1.442016754E+02
 2.202698708E+01 1.466697083E+02
 2.198825455E+01 1.485821533E+02
 2.186566162E+01 1.546496887E+02
 2.173352814E+01 1.629944916E+02
 2.169350052E+01 1.654260864E+02
 2.166148186E+01 1.678194122E+02
 2.157516479E+01 1.738797455E+02
 2.153488922E+01 1.770453339E+02
 2.148036194E+01 1.823636780E+02
 2.146600533E+01 1.837108917E+02
 2.143923378E+01 1.860237885E+02
 2.141637802E+01 1.879526520E+02
 2.139678001E+01 1.894921112E+02
 2.136890030E+01 1.916280212E+02
 2.135050201E+01 1.930430298E+02
 2.132826233E+01 1.949736176E+02
 2.130931473E+01 1.970047913E+02
 2.129343987E+01 1.987077484E+02
 2.126183510E+01 2.024291840E+02
 2.125329018E+01 2.034155273E+02
 2.124836349E+01 2.039876556E+02
 2.122160149E+01 2.081872711E+02
 2.119822502E+01 2.086278687E+02
 2.119773674E+01 2.086413422E+02
 2.119658661E+01 2.085152283E+02
 2.116864204E+01 2.057909241E+02
 2.115423584E+01 2.027029877E+02
 2.113921356E+01 1.994963379E+02
 2.113053703E+01 1.962486877E+02
 2.110541153E+01 1.866485901E+02
 2.110524940E+01 1.865765686E+02
 2.110492706E+01 1.863842773E+02
 2.108271217E+01 1.740543976E+02
 2.107413101E+01 1.680257721E+02
 2.105701256E+01 1.553695374E+02
 2.104350281E+01 1.447553711E+02
 2.102797508E+01 1.301507721E+02
 2.102082253E+01 1.230327682E+02
 2.100879478E+01 1.088412857E+02
 2.100338364E+01 1.020905685E+02
 2.099524879E+01 9.053279877E+01
 2.098098755E+01 6.925680542E+01
 2.097922325E+01 6.664182281E+01
 2.097840500E+01 6.536805725E+01
 2.097070885E+01 5.228381348E+01
 2.096508789E+01 4.270808411E+01
 2.096445274E+01 4.138029861E+01
 2.095636940E+01 2.517312241E+01
 2.094993210E+01 1.263780975E+01
 2.094926071E+01 1.124729919E+01
 2.094328880E+01 -2.588852644E+00
 2.094237328E+01 -4.568684101E+00
 2.093721771E+01 -1.419451332E+01
 2.093528557E+01 -1.775851440E+01
 2.093275642E+01 -2.206516075E+01
 2.093085861E+01 -2.525604630E+01
 2.092954445E+01 -2.331933260E+00
 2.092796898E+01 2.580545425E+01
 2.093077660E+01 5.571908951E+01
 2.093493271E+01 1.004552383E+02
 2.093813896E+01 1.046336212E+02
 2.094319344E+01 1.113724594E+02
 2.094662285E+01 1.173320389E+02
 2.095306587E+01 1.282670288E+02
 2.095649338E+01 1.353138733E+02
 2.096364784E+01 1.501017761E+02
 2.096688652E+01 1.576554108E+02
 2.097347069E+01 1.730350952E+02
 2.097639465E+01 1.799174347E+02
 2.098791885E+01 2.050205078E+02
 2.098988724E+01 2.093072052E+02
 2.099040985E+01 2.104418030E+02
 2.099215126E+01 2.137584839E+02
 2.100969505E+01 2.462312469E+02
 2.101727104E+01 2.602840881E+02
 2.103189659E+01 2.870759277E+02
 2.104448700E+01 3.068864136E+02
 2.105473900E+01 3.227722778E+02
 2.107739449E+01 3.357332458E+02
 2.108351898E+01 3.401890259E+02
 2.108918762E+01 3.405788879E+02
 2.111485672E+01 3.377664185E+02
 2.112475586E+01 3.353201599E+02
 2.114175797E+01 3.324721680E+02
 2.116192436E+01 3.304547119E+02
 2.117315292E+01 3.304340820E+02
 2.120272636E+01 3.290625610E+02
 2.120471954E+01 3.284008179E+02
 2.120973015E+01 3.252634583E+02
 2.123298645E+01 3.117397461E+02
 2.124769211E+01 2.946101685E+02
 2.126028252E+01 2.793032837E+02
 2.127021980E+01 2.713677673E+02
 2.128877449E+01 2.560755005E+02
 2.131634140E+01 2.550674286E+02
 2.132323456E+01 2.545510101E+02
 2.134498024E+01 2.593693542E+02
 2.136932755E+01 2.647163086E+02
 2.137565422E+01 2.661774902E+02
 2.142544556E+01 2.758779602E+02
 2.142876053E+01 2.761926270E+02
 2.147708702E+01 2.784417419E+02
 2.148587990E+01 2.784086914E+02
 2.153350449E+01 2.783113403E+02
 2.155556107E+01 2.783143005E+02
 2.160267830E+01 2.788275757E+02
 2.161662292E+01 2.790785522E+02
 2.163522530E+01 2.793180237E+02
 2.167354393E+01 2.800245361E+02
 2.173426247E+01 2.811667480E+02
 2.174005890E+01 2.812855530E+02
 2.176679993E+01 2.817967224E+02
 2.181607437E+01 2.827221069E+02
 2.182554817E+01 2.828775330E+02
 2.189348412E+01 2.832676697E+02
 2.191290855E+01 2.829134216E+02
 2.197507858E+01 2.813338318E+02
 2.201032066E+01 2.800416870E+02
 2.206502533E+01 2.780482178E+02
 2.211633492E+01 2.766467590E+02
 2.216061211E+01 2.756534119E+02
 2.221522141E+01 2.752822266E+02
 2.226014137E+01 2.751186218E+02
 2.230109787E+01 2.748817444E+02
 2.238166237E+01 2.745784912E+02
 2.240036583E+01 2.745424500E+02
 2.248456001E+01 2.743012390E+02
 2.250867462E+01 2.743594971E+02
 2.258302879E+01 2.744272766E+02
 2.261456871E+01 2.744790955E+02
 2.267853355E+01 2.743768921E+02
 2.270802116E+01 2.741826172E+02
 2.277238083E+01 2.739313049E+02
 2.279933548E+01 2.738899231E+02
 2.287597847E+01 2.740799866E+02
 2.289208794E+01 2.741252136E+02
 2.298094559E+01 2.738527222E+02
 2.298825073E+01 2.738023376E+02
 2.309686089E+01 2.731029358E+02
 2.309944534E+01 2.730830688E+02
 2.310618210E+01 2.730738220E+02
 2.319414711E+01 2.728052063E+02
 2.324044228E+01 2.725610352E+02
 2.328417969E+01 2.723466492E+02
 2.332710457E+01 2.720404968E+02
 2.337556458E+01 2.717828674E+02
 2.344964218E+01 2.714096069E+02
 2.346050453E+01 2.713533325E+02
 2.346739006E+01 2.712925415E+02
 2.354221344E+01 2.704792786E+02
 2.360487175E+01 2.699631348E+02
 2.362485313E+01 2.698946533E+02
 2.365432167E+01 2.694974365E+02
 2.370379066E+01 2.689137573E+02
 2.375198555E+01 2.682031250E+02
 2.378732109E+01 2.676322632E+02
 2.381817245E+01 2.672855835E+02
 2.386704063E+01 2.666330261E+02
 2.391844940E+01 2.657571411E+02
 2.394603729E+01 2.652754822E+02
 2.397612000E+01 2.646099854E+02
 2.402770233E+01 2.635600891E+02
 2.405447388E+01 2.629705200E+02
 2.413012505E+01 2.617020874E+02
 2.415333176E+01 2.613858032E+02
 2.423443031E+01 2.602143250E+02
 2.424800491E+01 2.599855652E+02
 2.430265045E+01 2.590638123E+02
 2.434247017E+01 2.583796387E+02
 2.435209274E+01 2.582644653E+02
 2.442623138E+01 2.572672424E+02
 2.444060516E+01 2.569356689E+02
 2.450461197E+01 2.554607086E+02
 2.456875038E+01 2.546415558E+02
 2.459272194E+01 2.543712769E+02
 2.465750694E+01 2.533569641E+02
 2.469074249E+01 2.526430511E+02
 2.477478409E+01 2.504615021E+02
 2.480538368E+01 2.495936279E+02
 2.485293961E+01 2.485156860E+02
 2.491716576E+01 2.471719971E+02
 2.496659279E+01 2.464124146E+02
 2.501476288E+01 2.455286102E+02
 2.507571793E+01 2.441984253E+02
 2.513063049E+01 2.429046631E+02
 2.517780495E+01 2.417625580E+02
 2.525725174E+01 2.393581848E+02
 2.527568054E+01 2.387807770E+02
 2.536399651E+01 2.360203247E+02
 2.537689209E+01 2.356133118E+02
 2.537871933E+01 2.355640259E+02
 2.538187981E+01 2.354357300E+02
 2.546378517E+01 2.322269897E+02
 2.549753380E+01 2.305563507E+02
 2.555519295E+01 2.280023193E+02
 2.560363197E+01 2.260134277E+02
 2.564749146E+01 2.240393066E+02
 2.569010353E+01 2.220700378E+02
 2.572590828E+01 2.203182983E+02
 2.579606056E+01 2.168827515E+02
 2.582583618E+01 2.152852783E+02
 2.591677475E+01 2.107205811E+02
 2.591839600E+01 2.106403046E+02
 2.592167664E+01 2.105116425E+02
 2.601275444E+01 2.067065887E+02
 2.607531166E+01 2.050252380E+02
 2.611667633E+01 2.039085846E+02
 2.614484024E+01 2.033164520E+02
 2.622008324E+01 2.018651123E+02
 2.624771690E+01 2.013636932E+02
 2.629119682E+01 2.004943542E+02
 2.632670021E+01 1.997063904E+02
 2.638564110E+01 1.984737244E+02
 2.642626572E+01 1.978412323E+02
 2.647769928E+01 1.970312653E+02
 2.651270103E+01 1.964704742E+02
 2.656152916E+01 1.955567627E+02
 2.661039352E+01 1.946587982E+02
 2.663677406E+01 1.941949005E+02
 2.670752907E+01 1.926030121E+02
 2.671426773E+01 1.924432831E+02
 2.673125267E+01 1.923166046E+02
 2.678883553E+01 1.918052826E+02
 2.682048988E+01 1.908068390E+02
 2.685897064E+01 1.893137054E+02
 2.690172577E+01 1.927496033E+02
 2.692439651E+01 1.942700653E+02
 2.694990921E+01 1.776385956E+02
 2.698317146E+01 1.538593750E+02
