TITLE     = "VTK Data"
VARIABLES = "X"
"Velocity_X"
ZONE T="Slice: Y=14.126 (region 1)"
 STRANDID=398, SOLUTIONTIME=772
 I=212, J=1, K=1, ZONETYPE=Ordered
 DATAPACKING=POINT
 DT=(SINGLE SINGLE )
 3.583960342E+01 1.980614777E+02
 3.583961868E+01 1.924956970E+02
 3.583964920E+01 1.817956543E+02
 3.580191422E+01 1.781546326E+02
 3.574326706E+01 1.724708557E+02
 3.568724060E+01 1.721710052E+02
 3.563221359E+01 1.719013519E+02
 3.556629944E+01 1.709309692E+02
 3.551310349E+01 1.701739044E+02
 3.544163513E+01 1.716657867E+02
 3.538594437E+01 1.728811951E+02
 3.532065964E+01 1.740003357E+02
 3.526947784E+01 1.750913544E+02
 3.521500778E+01 1.770364075E+02
 3.510532761E+01 1.805611115E+02
 3.506489944E+01 1.817467651E+02
 3.499882126E+01 1.838378143E+02
 3.492030716E+01 1.862685852E+02
 3.481098938E+01 1.897359772E+02
 3.476832962E+01 1.910950165E+02
 3.474798965E+01 1.917824707E+02
 3.461431885E+01 1.960596466E+02
 3.455041122E+01 1.981864319E+02
 3.447199249E+01 2.008502808E+02
 3.444826889E+01 2.016401215E+02
 3.441605377E+01 2.027202911E+02
 3.426352310E+01 2.079925079E+02
 3.418595505E+01 2.105278168E+02
 3.409694290E+01 2.136329346E+02
 3.401132584E+01 2.167918854E+02
 3.385652924E+01 2.222120667E+02
 3.385027313E+01 2.224344330E+02
 3.382656860E+01 2.232484283E+02
 3.367569351E+01 2.284602356E+02
 3.364992523E+01 2.293495483E+02
 3.345780563E+01 2.357169952E+02
 3.341697311E+01 2.371400757E+02
 3.333069611E+01 2.395862122E+02
 3.320736694E+01 2.431934814E+02
 3.314990616E+01 2.445229797E+02
 3.295249176E+01 2.493929901E+02
 3.287173462E+01 2.510624542E+02
 3.267757416E+01 2.548562317E+02
 3.259461975E+01 2.560053711E+02
 3.240665817E+01 2.585961304E+02
 3.233741760E+01 2.596128235E+02
 3.228620529E+01 2.602264404E+02
 3.211756516E+01 2.618971863E+02
 3.195680809E+01 2.624711304E+02
 3.192259407E+01 2.626243896E+02
 3.188730621E+01 2.627314453E+02
 3.174971008E+01 2.628551636E+02
 3.163157654E+01 2.627010498E+02
 3.156448174E+01 2.624535828E+02
 3.141785812E+01 2.617566833E+02
 3.136262512E+01 2.614035645E+02
 3.119216728E+01 2.602076721E+02
 3.115444756E+01 2.598758850E+02
 3.108485794E+01 2.591970825E+02
 3.097085953E+01 2.582085266E+02
 3.091595078E+01 2.576567688E+02
 3.081325722E+01 2.564519043E+02
 3.075058365E+01 2.554597778E+02
 3.067879677E+01 2.541497955E+02
 3.059334183E+01 2.526509399E+02
 3.053137398E+01 2.515930023E+02
 3.040568924E+01 2.491516571E+02
 3.038707161E+01 2.487879944E+02
 3.038106155E+01 2.486394653E+02
 3.035835075E+01 2.481299744E+02
 3.024641418E+01 2.456844788E+02
 3.021186638E+01 2.447687378E+02
 3.012430954E+01 2.424737854E+02
 3.005838203E+01 2.408017731E+02
 2.999919319E+01 2.390845642E+02
 2.991395760E+01 2.366234131E+02
 2.987691116E+01 2.354180298E+02
 2.977804947E+01 2.321668396E+02
 2.975800705E+01 2.313961945E+02
 2.965662575E+01 2.274922028E+02
 2.964857292E+01 2.271241608E+02
 2.963323021E+01 2.264233704E+02
 2.957547188E+01 2.237805939E+02
 2.954513359E+01 2.223908081E+02
 2.950736046E+01 2.201874847E+02
 2.945251083E+01 2.169785309E+02
 2.944400406E+01 2.162973938E+02
 2.942031288E+01 2.144028015E+02
 2.938753891E+01 2.117799072E+02
 2.937573433E+01 2.108331146E+02
 2.933704185E+01 2.062781067E+02
 2.931231117E+01 2.033657379E+02
 2.929157257E+01 1.995666656E+02
 2.926019859E+01 1.938231354E+02
 2.925124931E+01 1.911775055E+02
 2.921768188E+01 1.812682037E+02
 2.921606064E+01 1.804852295E+02
 2.920576096E+01 1.755251617E+02
 2.918654633E+01 1.662689514E+02
 2.918351173E+01 1.648107300E+02
 2.916211891E+01 1.481531982E+02
 2.915674210E+01 1.439789276E+02
 2.914254379E+01 1.266467972E+02
 2.913675499E+01 1.196069489E+02
 2.913220978E+01 1.117335892E+02
 2.912321854E+01 9.609183502E+01
 2.912034607E+01 9.032978058E+01
 2.911580276E+01 8.114274597E+01
 2.911493492E+01 8.113793945E+01
 2.911367226E+01 8.109041595E+01
 2.911449814E+01 8.854643250E+01
 2.911506462E+01 9.366004944E+01
 2.911830139E+01 1.082722015E+02
 2.912031555E+01 1.173453903E+02
 2.912734604E+01 1.399607239E+02
 2.913089180E+01 1.513415680E+02
 2.914360809E+01 1.799752808E+02
 2.914789581E+01 1.896101074E+02
 2.916912079E+01 2.210810089E+02
 2.917214203E+01 2.255525055E+02
 2.919434929E+01 2.460538940E+02
 2.920439911E+01 2.553325806E+02
 2.920695305E+01 2.567021484E+02
 2.924561501E+01 2.774205017E+02
 2.926281166E+01 2.822180786E+02
 2.929702377E+01 2.917523499E+02
 2.934266281E+01 2.972998962E+02
 2.936021233E+01 2.994327698E+02
 2.940002251E+01 3.008520203E+02
 2.943709183E+01 3.021673889E+02
 2.946741295E+01 3.020758057E+02
 2.953019524E+01 3.018862915E+02
 2.960710144E+01 3.011875610E+02
 2.964249992E+01 3.008609924E+02
 2.973602104E+01 3.002629700E+02
 2.976464272E+01 3.000708313E+02
 2.985331154E+01 2.996838379E+02
 2.990136528E+01 2.994453735E+02
 2.997412872E+01 2.992602234E+02
 3.004658318E+01 2.990320129E+02
 3.009680176E+01 2.989504089E+02
 3.019357300E+01 2.987322388E+02
 3.022019577E+01 2.987289734E+02
 3.032321548E+01 2.988410645E+02
 3.034264374E+01 2.987948303E+02
 3.042180252E+01 2.985343628E+02
 3.053260231E+01 2.980524292E+02
 3.053819275E+01 2.980199280E+02
 3.069099236E+01 2.968442078E+02
 3.070255852E+01 2.967655334E+02
 3.073969078E+01 2.966022034E+02
 3.089424706E+01 2.958432922E+02
 3.093805695E+01 2.956961670E+02
 3.109609795E+01 2.959053955E+02
 3.112518501E+01 2.959628601E+02
 3.130894279E+01 2.966298523E+02
 3.131693077E+01 2.966673279E+02
 3.136214638E+01 2.970872192E+02
 3.148388863E+01 2.982069397E+02
 3.151959610E+01 2.986069336E+02
 3.163697243E+01 2.998397217E+02
 3.172962952E+01 3.007490540E+02
 3.183850861E+01 3.014926147E+02
 3.203156281E+01 3.026038208E+02
 3.206949997E+01 3.026570435E+02
 3.229722595E+01 3.031341858E+02
 3.230459595E+01 3.031074829E+02
 3.234701157E+01 3.029667053E+02
 3.250698471E+01 3.024093323E+02
 3.254909134E+01 3.020707703E+02
 3.269872284E+01 3.005364990E+02
 3.285821533E+01 2.992552795E+02
 3.291987610E+01 2.987664185E+02
 3.295673370E+01 2.986676941E+02
 3.312970352E+01 2.979782410E+02
 3.319104767E+01 2.975894165E+02
 3.337829208E+01 2.961135254E+02
 3.345906830E+01 2.954977112E+02
 3.366784668E+01 2.931292725E+02
 3.369432449E+01 2.928644104E+02
 3.390203857E+01 2.881690063E+02
 3.392525101E+01 2.876472778E+02
 3.392763138E+01 2.875812378E+02
 3.393141556E+01 2.874580078E+02
 3.412905502E+01 2.814895325E+02
 3.421478653E+01 2.784250488E+02
 3.430139542E+01 2.753832092E+02
 3.442636108E+01 2.712314453E+02
 3.447816849E+01 2.694851685E+02
 3.463449478E+01 2.651753540E+02
 3.465099716E+01 2.647013855E+02
 3.471481323E+01 2.634442749E+02
 3.482626724E+01 2.612838135E+02
 3.485113525E+01 2.611060486E+02
 3.497984695E+01 2.600368347E+02
 3.499957657E+01 2.598664856E+02
 3.500405502E+01 2.598607178E+02
 3.511752319E+01 2.604565430E+02
 3.517618179E+01 2.607487793E+02
 3.522401810E+01 2.612573853E+02
 3.527234650E+01 2.622718811E+02
 3.531077957E+01 2.630232544E+02
 3.538930893E+01 2.628265381E+02
 3.541027451E+01 2.628706055E+02
 3.551338577E+01 2.625007324E+02
 3.552761459E+01 2.624913330E+02
 3.563470078E+01 2.551729736E+02
 3.564194489E+01 2.546661224E+02
 3.571350479E+01 2.469095764E+02
 3.574813080E+01 2.431556702E+02
 3.575126266E+01 2.416093750E+02
 3.583960342E+01 1.980614777E+02
