TITLE     = "VTK Data"
VARIABLES = "X"
"Velocity_X"
ZONE T="Slice: Y=5.845 (region 1)"
 STRANDID=347, SOLUTIONTIME=772
 I=199, J=1, K=1, ZONETYPE=Ordered
 DATAPACKING=POINT
 DT=(SINGLE SINGLE )
 3.377966309E+01 1.963428650E+02
 3.377959824E+01 1.959808807E+02
 3.377894592E+01 1.907779236E+02
 3.360049820E+01 1.900760498E+02
 3.360012436E+01 1.900804901E+02
 3.359933472E+01 1.900871887E+02
 3.339852524E+01 1.917755280E+02
 3.329510880E+01 1.915535889E+02
 3.318405533E+01 1.912983704E+02
 3.297679138E+01 1.956750641E+02
 3.295608902E+01 1.961253967E+02
 3.290573120E+01 1.969900665E+02
 3.271245193E+01 2.003116760E+02
 3.263996506E+01 2.018201141E+02
 3.246921158E+01 2.052990570E+02
 3.228052521E+01 2.091189728E+02
 3.223387527E+01 2.100715485E+02
 3.215122223E+01 2.117689972E+02
 3.200037384E+01 2.148709259E+02
 3.191166115E+01 2.166333466E+02
 3.176498985E+01 2.195233765E+02
 3.155437088E+01 2.236707458E+02
 3.153499031E+01 2.240577393E+02
 3.151790047E+01 2.243916473E+02
 3.131843185E+01 2.283110352E+02
 3.118391228E+01 2.308824158E+02
 3.106582642E+01 2.332068176E+02
 3.086536407E+01 2.369046783E+02
 3.078768730E+01 2.383514862E+02
 3.074319458E+01 2.391366577E+02
 3.053815460E+01 2.428768463E+02
 3.041684723E+01 2.449368896E+02
 3.029529953E+01 2.469464264E+02
 3.011182976E+01 2.496622009E+02
 3.002737617E+01 2.509143372E+02
 2.990343285E+01 2.525664673E+02
 2.975377083E+01 2.545897522E+02
 2.959239388E+01 2.566337585E+02
 2.950581551E+01 2.577153320E+02
 2.943646622E+01 2.584860840E+02
 2.930407333E+01 2.599400024E+02
 2.918117332E+01 2.610407410E+02
 2.906992340E+01 2.620832214E+02
 2.895946312E+01 2.631130371E+02
 2.878489113E+01 2.645032959E+02
 2.874907494E+01 2.648152466E+02
 2.870107269E+01 2.652388000E+02
 2.853752708E+01 2.665315857E+02
 2.842196655E+01 2.674091797E+02
 2.832959175E+01 2.681362610E+02
 2.825712013E+01 2.686403503E+02
 2.810704613E+01 2.695585022E+02
 2.792586136E+01 2.709126892E+02
 2.785213470E+01 2.714463806E+02
 2.759820938E+01 2.739647522E+02
 2.759452629E+01 2.739953308E+02
 2.756572342E+01 2.742601013E+02
 2.733618546E+01 2.763824158E+02
 2.731186295E+01 2.766043396E+02
 2.704045486E+01 2.797783813E+02
 2.702279091E+01 2.800222168E+02
 2.675231743E+01 2.844524231E+02
 2.671455383E+01 2.849723816E+02
 2.658959389E+01 2.862859802E+02
 2.645978165E+01 2.876043396E+02
 2.639481354E+01 2.876895752E+02
 2.622785950E+01 2.875360107E+02
 2.594878578E+01 2.856433105E+02
 2.594244576E+01 2.855969849E+02
 2.590790939E+01 2.849024353E+02
 2.563793182E+01 2.797309570E+02
 2.559793282E+01 2.786970825E+02
 2.555044937E+01 2.775355530E+02
 2.534315872E+01 2.722829285E+02
 2.528376579E+01 2.702248230E+02
 2.514899445E+01 2.658043213E+02
 2.500487137E+01 2.609069519E+02
 2.489874649E+01 2.572551880E+02
 2.475985909E+01 2.517106476E+02
 2.466495132E+01 2.480222321E+02
 2.452067947E+01 2.413235016E+02
 2.444594383E+01 2.378645630E+02
 2.432073593E+01 2.311514587E+02
 2.424473763E+01 2.270270691E+02
 2.416534233E+01 2.217612610E+02
 2.407411575E+01 2.157718048E+02
 2.402608490E+01 2.119314575E+02
 2.393020439E+01 2.041540833E+02
 2.383597183E+01 1.945654602E+02
 2.380949211E+01 1.918308411E+02
 2.374080276E+01 1.826773071E+02
 2.370903587E+01 1.784784546E+02
 2.370147514E+01 1.771436768E+02
 2.362628937E+01 1.635361176E+02
 2.360527039E+01 1.582685852E+02
 2.355908203E+01 1.463652191E+02
 2.353388786E+01 1.372804565E+02
 2.350602913E+01 1.269267731E+02
 2.348252296E+01 1.149436493E+02
 2.346620560E+01 1.063335266E+02
 2.344823837E+01 9.463977814E+01
 2.343924522E+01 8.854946899E+01
 2.342908669E+01 8.329981232E+01
 2.342490387E+01 8.103636169E+01
 2.342262840E+01 8.780826569E+01
 2.342174530E+01 9.045029449E+01
 2.342317772E+01 9.716895294E+01
 2.342694855E+01 1.142032700E+02
 2.343137360E+01 1.249570999E+02
 2.344195557E+01 1.497902679E+02
 2.345128441E+01 1.649224243E+02
 2.346932602E+01 1.931553955E+02
 2.348667145E+01 2.116001434E+02
 2.351044273E+01 2.359436035E+02
 2.354087067E+01 2.561753235E+02
 2.356616592E+01 2.722717896E+02
 2.361779404E+01 2.924307861E+02
 2.363752365E+01 2.997246704E+02
 2.372323990E+01 3.178326416E+02
 2.372594452E+01 3.183669128E+02
 2.373625946E+01 3.194837646E+02
 2.383347321E+01 3.301607666E+02
 2.387487221E+01 3.326328735E+02
 2.396236038E+01 3.375317078E+02
 2.408924484E+01 3.414325867E+02
 2.411523819E+01 3.421878967E+02
 2.415973663E+01 3.427713623E+02
 2.429536247E+01 3.445469360E+02
 2.443947601E+01 3.448471985E+02
 2.450597763E+01 3.449564819E+02
 2.454236794E+01 3.448175964E+02
 2.472613335E+01 3.440267639E+02
 2.478397369E+01 3.434902954E+02
 2.496730232E+01 3.416330566E+02
 2.503680038E+01 3.410058594E+02
 2.520647240E+01 3.392459106E+02
 2.528869057E+01 3.388978577E+02
 2.542171288E+01 3.382008362E+02
 2.554533958E+01 3.376049500E+02
 2.561917686E+01 3.372152405E+02
 2.572355461E+01 3.366694031E+02
 2.582345200E+01 3.346664734E+02
 2.602184296E+01 3.236583557E+02
 2.607012177E+01 3.192138367E+02
 2.630530548E+01 2.933765564E+02
 2.638701630E+01 2.875884094E+02
 2.662164307E+01 2.719091797E+02
 2.673149681E+01 2.705490112E+02
 2.692133522E+01 2.695725403E+02
 2.705932617E+01 2.721206970E+02
 2.719648933E+01 2.753498535E+02
 2.735068512E+01 2.780037231E+02
 2.754097557E+01 2.814075928E+02
 2.772652817E+01 2.826426697E+02
 2.794512177E+01 2.837143860E+02
 2.821976280E+01 2.826257935E+02
 2.830750656E+01 2.821889648E+02
 2.847438431E+01 2.804784851E+02
 2.864009476E+01 2.789884949E+02
 2.873748970E+01 2.780571594E+02
 2.896656990E+01 2.758166199E+02
 2.927559280E+01 2.738346558E+02
 2.930838394E+01 2.736052551E+02
 2.937797928E+01 2.733038025E+02
 2.965327644E+01 2.721894531E+02
 2.974381256E+01 2.717787781E+02
 3.001149559E+01 2.703945923E+02
 3.007235909E+01 2.699933777E+02
 3.035029030E+01 2.677279053E+02
 3.036012840E+01 2.676335754E+02
 3.039757538E+01 2.671797791E+02
 3.062786102E+01 2.644785767E+02
 3.070732307E+01 2.633992310E+02
 3.088881493E+01 2.608383789E+02
 3.102989578E+01 2.586414185E+02
 3.110396004E+01 2.574208984E+02
 3.122431183E+01 2.553305359E+02
 3.144669724E+01 2.515081787E+02
 3.145047188E+01 2.514454956E+02
 3.145363045E+01 2.513952942E+02
 3.170009613E+01 2.473997803E+02
 3.193618202E+01 2.436622314E+02
 3.194372559E+01 2.435426788E+02
 3.195364761E+01 2.434075928E+02
 3.219527817E+01 2.402558746E+02
 3.236027145E+01 2.382176056E+02
 3.243120575E+01 2.373415985E+02
 3.256999969E+01 2.357612000E+02
 3.268560791E+01 2.344657898E+02
 3.275023270E+01 2.336244659E+02
 3.293601608E+01 2.312534790E+02
 3.311401367E+01 2.287535095E+02
 3.317066574E+01 2.279819794E+02
 3.327407455E+01 2.252045898E+02
 3.339132309E+01 2.220660095E+02
 3.345227432E+01 2.204509888E+02
 3.359299850E+01 2.168298798E+02
 3.376959991E+01 1.974739075E+02
 3.377966309E+01 1.963428650E+02
