TITLE     = "VTK Data"
VARIABLES = "X"
"Velocity_X"
ZONE T="Slice: Y=9.58 (region 2)"
 STRANDID=370, SOLUTIONTIME=772
 I=189, J=1, K=1, ZONETYPE=Ordered
 DATAPACKING=POINT
 DT=(SINGLE SINGLE )
 2.695667648E+01 1.701809387E+02
 2.695655441E+01 1.664565887E+02
 2.695610428E+01 1.525719604E+02
 2.694879532E+01 1.567440186E+02
 2.689750481E+01 1.906105042E+02
 2.683950233E+01 1.887720490E+02
 2.683293152E+01 1.884975739E+02
 2.682614708E+01 1.890556946E+02
 2.676632309E+01 1.937842102E+02
 2.672375107E+01 1.948839111E+02
 2.670847130E+01 1.953508301E+02
 2.666419220E+01 1.979845734E+02
 2.659872055E+01 2.007485352E+02
 2.659832001E+01 2.007677917E+02
 2.659728050E+01 2.008113098E+02
 2.652645874E+01 2.038066559E+02
 2.650872421E+01 2.045965881E+02
 2.645516014E+01 2.066656342E+02
 2.643214607E+01 2.074919434E+02
 2.636940575E+01 2.097928314E+02
 2.635721779E+01 2.102700500E+02
 2.633061409E+01 2.113053131E+02
 2.627804184E+01 2.133961487E+02
 2.624607658E+01 2.145107727E+02
 2.619319153E+01 2.163994904E+02
 2.613041496E+01 2.186044922E+02
 2.609955978E+01 2.196808777E+02
 2.606908798E+01 2.208953705E+02
 2.599847031E+01 2.237777710E+02
 2.593684387E+01 2.269657440E+02
 2.588515472E+01 2.296202698E+02
 2.581373024E+01 2.337313843E+02
 2.576088142E+01 2.367465363E+02
 2.572510910E+01 2.385001221E+02
 2.562285995E+01 2.437261047E+02
 2.548360062E+01 2.486047974E+02
 2.546479225E+01 2.492602844E+02
 2.543246651E+01 2.498875427E+02
 2.528620338E+01 2.532942810E+02
 2.520597839E+01 2.547878418E+02
 2.508041382E+01 2.568320312E+02
 2.488663101E+01 2.580808716E+02
 2.483750343E+01 2.583266296E+02
 2.468400383E+01 2.581229248E+02
 2.456414413E+01 2.580024719E+02
 2.453095818E+01 2.579679565E+02
 2.425421906E+01 2.577510376E+02
 2.416118050E+01 2.576971130E+02
 2.390948868E+01 2.570652161E+02
 2.379043388E+01 2.570857239E+02
 2.353483963E+01 2.574416504E+02
 2.344022179E+01 2.578359375E+02
 2.318236542E+01 2.587934570E+02
 2.313797951E+01 2.589230042E+02
 2.290712357E+01 2.591245422E+02
 2.286937332E+01 2.591904297E+02
 2.286156082E+01 2.591763000E+02
 2.262866974E+01 2.589192810E+02
 2.256870270E+01 2.580761719E+02
 2.241294861E+01 2.559674988E+02
 2.231220055E+01 2.519134216E+02
 2.223719406E+01 2.481717224E+02
 2.209052658E+01 2.369528503E+02
 2.206578827E+01 2.348148804E+02
 2.202835655E+01 2.341293945E+02
 2.193187332E+01 2.318854370E+02
 2.184307098E+01 2.707323914E+02
 2.181651878E+01 2.813270569E+02
 2.179837418E+01 2.943428345E+02
 2.171377182E+01 3.588659668E+02
 2.166711998E+01 3.691862183E+02
 2.164870644E+01 3.720133362E+02
 2.156880188E+01 3.605190735E+02
 2.155949402E+01 3.590831299E+02
 2.151429939E+01 3.447848816E+02
 2.146377563E+01 3.292818909E+02
 2.145483780E+01 3.252896118E+02
 2.137257576E+01 2.889280090E+02
 2.136219406E+01 2.841596985E+02
 2.128747940E+01 2.523200836E+02
 2.128535843E+01 2.513177032E+02
 2.124318314E+01 2.261818542E+02
 2.124154282E+01 2.252055206E+02
 2.124150276E+01 2.251779175E+02
 2.120596886E+01 2.009295044E+02
 2.120509911E+01 2.003632812E+02
 2.120434380E+01 1.999774475E+02
 2.117569160E+01 1.815986633E+02
 2.117454720E+01 1.809265900E+02
 2.115184784E+01 1.692793274E+02
 2.115053368E+01 1.685758209E+02
 2.113244247E+01 1.585186157E+02
 2.113110161E+01 1.585414734E+02
 2.111659622E+01 1.588510590E+02
 2.111530876E+01 1.588060150E+02
 2.110361290E+01 1.597229614E+02
 2.110242462E+01 1.489675446E+02
 2.109294891E+01 6.636869812E+01
 2.109309387E+01 5.489070129E+01
 2.109427643E+01 -2.196850967E+01
 2.109498787E+01 -2.186109161E+01
 2.109937286E+01 -1.954560661E+01
 2.110100555E+01 -1.676115227E+01
 2.110888100E+01 -2.672381401E+00
 2.111190605E+01 2.833938599E+00
 2.112343979E+01 2.362483597E+01
 2.112853813E+01 3.139026070E+01
 2.114374924E+01 5.357969666E+01
 2.115188789E+01 6.325703049E+01
 2.117075348E+01 8.445584869E+01
 2.118326950E+01 9.560575867E+01
 2.120555305E+01 1.136726761E+02
 2.122431183E+01 1.254234772E+02
 2.124955177E+01 1.405302124E+02
 2.127707291E+01 1.525597687E+02
 2.131095886E+01 1.637890472E+02
 2.136052895E+01 1.750924377E+02
 2.138911438E+01 1.808121490E+02
 2.145335007E+01 1.868206329E+02
 2.146734047E+01 1.876213684E+02
 2.150613022E+01 1.872098694E+02
 2.156581688E+01 1.868139954E+02
 2.159051514E+01 1.865495911E+02
 2.169651222E+01 1.875074463E+02
 2.172437477E+01 1.882703552E+02
 2.183551598E+01 1.875352783E+02
 2.185119820E+01 1.875278625E+02
 2.185736275E+01 1.871357727E+02
 2.199862671E+01 1.756355896E+02
 2.209180450E+01 1.643853149E+02
 2.213763046E+01 1.593290253E+02
 2.220301819E+01 1.549123383E+02
 2.228854561E+01 1.491218109E+02
 2.233257103E+01 1.472120819E+02
 2.245240784E+01 1.424546814E+02
 2.255476189E+01 1.389799652E+02
 2.262452888E+01 1.368853455E+02
 2.279675674E+01 1.325925293E+02
 2.281784630E+01 1.321121063E+02
 2.289792824E+01 1.306055603E+02
 2.303904724E+01 1.279183121E+02
 2.307532120E+01 1.273418808E+02
 2.331383514E+01 1.242498398E+02
 2.340117455E+01 1.233029022E+02
 2.362348175E+01 1.215222549E+02
 2.375665474E+01 1.206850204E+02
 2.398126221E+01 1.197835007E+02
 2.412025070E+01 1.193715668E+02
 2.438198853E+01 1.191221161E+02
 2.445785141E+01 1.191407166E+02
 2.468011284E+01 1.197098541E+02
 2.475591850E+01 1.198848495E+02
 2.478179932E+01 1.199829788E+02
 2.501734352E+01 1.212493439E+02
 2.512367439E+01 1.222921906E+02
 2.524872208E+01 1.236968842E+02
 2.542008209E+01 1.260937500E+02
 2.547991371E+01 1.268859024E+02
 2.555723572E+01 1.279172516E+02
 2.566808319E+01 1.292746887E+02
 2.576387787E+01 1.310360870E+02
 2.581295967E+01 1.319316254E+02
 2.587062645E+01 1.332891693E+02
 2.594105339E+01 1.349248505E+02
 2.599157333E+01 1.362507782E+02
 2.607409096E+01 1.383463440E+02
 2.615589905E+01 1.401331940E+02
 2.616097832E+01 1.402596436E+02
 2.624532318E+01 1.428438721E+02
 2.626997757E+01 1.436110382E+02
 2.630271149E+01 1.448129272E+02
 2.635822678E+01 1.467995453E+02
 2.643730545E+01 1.499186859E+02
 2.644778824E+01 1.503266602E+02
 2.645286369E+01 1.505379486E+02
 2.654392052E+01 1.543160706E+02
 2.654488373E+01 1.543576050E+02
 2.655793762E+01 1.550520630E+02
 2.662297440E+01 1.584954376E+02
 2.662880135E+01 1.588177032E+02
 2.669795799E+01 1.628921051E+02
 2.672037315E+01 1.646667328E+02
 2.677009392E+01 1.690302887E+02
 2.682551003E+01 1.735120087E+02
 2.683760452E+01 1.744627075E+02
 2.685130692E+01 1.783525848E+02
 2.690046883E+01 1.908094025E+02
 2.695388794E+01 1.713694611E+02
 2.695667648E+01 1.701809387E+02
