TITLE     = "VTK Data"
VARIABLES = "X"
"Velocity_X"
ZONE T="Slice: Y=20.946 (region 1)"
 STRANDID=440, SOLUTIONTIME=772
 I=197, J=1, K=1, ZONETYPE=Ordered
 DATAPACKING=POINT
 DT=(SINGLE SINGLE )
 3.901973343E+01 2.080671997E+02
 3.901976013E+01 2.063038940E+02
 3.902006912E+01 1.847552490E+02
 3.893064117E+01 1.731407928E+02
 3.892456055E+01 1.723899994E+02
 3.892352295E+01 1.723833771E+02
 3.881343842E+01 1.708595428E+02
 3.880432129E+01 1.708178253E+02
 3.869421005E+01 1.703664856E+02
 3.868233871E+01 1.707295837E+02
 3.856214523E+01 1.743157959E+02
 3.855142975E+01 1.746366577E+02
 3.855039215E+01 1.746675415E+02
 3.854715729E+01 1.747379150E+02
 3.843955612E+01 1.774917145E+02
 3.837646866E+01 1.803406372E+02
 3.834255600E+01 1.819318237E+02
 3.831282806E+01 1.831732025E+02
 3.822414398E+01 1.868390961E+02
 3.812186050E+01 1.909055786E+02
 3.810118103E+01 1.917204590E+02
 3.808515930E+01 1.923802490E+02
 3.798548126E+01 1.965830994E+02
 3.791671753E+01 1.995324860E+02
 3.784916306E+01 2.024096832E+02
 3.773121262E+01 2.073576965E+02
 3.768643570E+01 2.092549896E+02
 3.765809250E+01 2.104169769E+02
 3.751874542E+01 2.160992889E+02
 3.735618973E+01 2.222834778E+02
 3.735176468E+01 2.224482269E+02
 3.734996796E+01 2.225129242E+02
 3.730764389E+01 2.240500641E+02
 3.715532684E+01 2.295969238E+02
 3.714814377E+01 2.298407135E+02
 3.695141602E+01 2.356643219E+02
 3.693608475E+01 2.361433868E+02
 3.677690125E+01 2.399876099E+02
 3.671908951E+01 2.413837433E+02
 3.671339417E+01 2.414844666E+02
 3.649334717E+01 2.456307068E+02
 3.646228790E+01 2.460875244E+02
 3.628009796E+01 2.487072906E+02
 3.624232101E+01 2.490466766E+02
 3.606408691E+01 2.506359100E+02
 3.603607178E+01 2.508217621E+02
 3.585589600E+01 2.521741943E+02
 3.585438538E+01 2.521784821E+02
 3.584624100E+01 2.521902008E+02
 3.569923019E+01 2.524682465E+02
 3.567167282E+01 2.524296265E+02
 3.553659058E+01 2.521146851E+02
 3.548200989E+01 2.520448761E+02
 3.535452652E+01 2.517969055E+02
 3.533406830E+01 2.517691345E+02
 3.521044922E+01 2.509372864E+02
 3.519386673E+01 2.508099976E+02
 3.506315994E+01 2.494422760E+02
 3.505284500E+01 2.493300781E+02
 3.503647232E+01 2.492051392E+02
 3.493654251E+01 2.482966919E+02
 3.486412811E+01 2.475099945E+02
 3.484201813E+01 2.472148895E+02
 3.477142715E+01 2.461504211E+02
 3.474111557E+01 2.457077942E+02
 3.473329163E+01 2.455742950E+02
 3.463323212E+01 2.439038239E+02
 3.460684204E+01 2.434945374E+02
 3.452653122E+01 2.419875336E+02
 3.448387527E+01 2.411776276E+02
 3.442301178E+01 2.397540283E+02
 3.436807632E+01 2.384658508E+02
 3.432289886E+01 2.371245117E+02
 3.426453018E+01 2.353908691E+02
 3.423956299E+01 2.344794922E+02
 3.419168854E+01 2.327337646E+02
 3.417721558E+01 2.322052765E+02
 3.416963577E+01 2.319285889E+02
 3.412127686E+01 2.295830231E+02
 3.409071732E+01 2.281011963E+02
 3.406923676E+01 2.265648804E+02
 3.402523422E+01 2.234220734E+02
 3.402154160E+01 2.230001373E+02
 3.400895691E+01 2.215657959E+02
 3.397972107E+01 2.182305298E+02
 3.397108841E+01 2.172471924E+02
 3.394259262E+01 2.117836609E+02
 3.392651367E+01 2.087080383E+02
 3.390970230E+01 2.031574554E+02
 3.389014816E+01 1.967185974E+02
 3.388109207E+01 1.915944061E+02
 3.386089706E+01 1.801991882E+02
 3.385673904E+01 1.762472839E+02
 3.383795547E+01 1.584416962E+02
 3.383663177E+01 1.564093628E+02
 3.382138443E+01 1.330292358E+02
 3.382083130E+01 1.321817932E+02
 3.382078171E+01 1.321083221E+02
 3.382074738E+01 1.320221710E+02
 3.380908966E+01 1.052942581E+02
 3.380869293E+01 1.041273804E+02
 3.380257416E+01 8.605787659E+01
 3.380239487E+01 8.565550232E+01
 3.380053329E+01 8.137055206E+01
 3.380146027E+01 8.988915253E+01
 3.380153656E+01 9.059664917E+01
 3.380578232E+01 1.115315552E+02
 3.380596924E+01 1.124599304E+02
 3.381202316E+01 1.344727325E+02
 3.381508636E+01 1.456110840E+02
 3.381542206E+01 1.464742889E+02
 3.382977676E+01 1.832548676E+02
 3.383251572E+01 1.878484497E+02
 3.385065079E+01 2.182332764E+02
 3.385869980E+01 2.265081329E+02
 3.387829590E+01 2.466235046E+02
 3.389648819E+01 2.572363586E+02
 3.391347122E+01 2.671283264E+02
 3.394987106E+01 2.779232483E+02
 3.395721054E+01 2.800967407E+02
 3.397853851E+01 2.828841553E+02
 3.401084518E+01 2.871105652E+02
 3.403053284E+01 2.880508118E+02
 3.407599258E+01 2.902155151E+02
 3.415114975E+01 2.912107544E+02
 3.415478134E+01 2.912590942E+02
 3.415918732E+01 2.912876282E+02
 3.424971771E+01 2.918699341E+02
 3.429087448E+01 2.921257935E+02
 3.435324097E+01 2.925246277E+02
 3.438786316E+01 2.926672974E+02
 3.446908188E+01 2.930242004E+02
 3.448868561E+01 2.931125488E+02
 3.459005737E+01 2.936307983E+02
 3.459180450E+01 2.936395569E+02
 3.459214020E+01 2.936413269E+02
 3.469800949E+01 2.942457581E+02
 3.472274017E+01 2.943745422E+02
 3.480670929E+01 2.948525391E+02
 3.486100769E+01 2.951412354E+02
 3.491774750E+01 2.955639954E+02
 3.500801086E+01 2.963202209E+02
 3.503693390E+01 2.966140442E+02
 3.515027237E+01 2.978499756E+02
 3.516397095E+01 2.980144348E+02
 3.530250168E+01 2.995157166E+02
 3.531930542E+01 2.996917725E+02
 3.538244629E+01 3.003199768E+02
 3.547667694E+01 3.012911987E+02
 3.550411606E+01 3.015496216E+02
 3.563076401E+01 3.026703186E+02
 3.568734741E+01 3.031964722E+02
 3.579246140E+01 3.039436340E+02
 3.586434937E+01 3.044098206E+02
 3.597591782E+01 3.048786621E+02
 3.604841995E+01 3.051492920E+02
 3.618666840E+01 3.053110962E+02
 3.623276901E+01 3.053975830E+02
 3.637072754E+01 3.055303955E+02
 3.639158630E+01 3.055398560E+02
 3.641123199E+01 3.054760437E+02
 3.656436920E+01 3.048931885E+02
 3.661153412E+01 3.047103882E+02
 3.675759888E+01 3.043319702E+02
 3.679677963E+01 3.041899109E+02
 3.698376083E+01 3.034532166E+02
 3.698971176E+01 3.034060974E+02
 3.715836334E+01 3.018286438E+02
 3.720139313E+01 3.014238892E+02
 3.720313644E+01 3.014104309E+02
 3.739009476E+01 2.990002136E+02
 3.746490860E+01 2.980911560E+02
 3.755118942E+01 2.961256104E+02
 3.766376114E+01 2.925634766E+02
 3.767629242E+01 2.921743469E+02
 3.770613861E+01 2.908134155E+02
 3.781386185E+01 2.858286743E+02
 3.783966064E+01 2.846907959E+02
 3.797610474E+01 2.788191833E+02
 3.801323318E+01 2.776032104E+02
 3.813633347E+01 2.732382507E+02
 3.815932846E+01 2.727371216E+02
 3.828847504E+01 2.696096191E+02
 3.829246521E+01 2.696105042E+02
 3.831736374E+01 2.696093140E+02
 3.841987228E+01 2.695914001E+02
 3.843663788E+01 2.696047058E+02
 3.854100800E+01 2.707487793E+02
 3.857407379E+01 2.711338196E+02
 3.866587067E+01 2.730079346E+02
 3.870404053E+01 2.738101501E+02
 3.878882599E+01 2.693289795E+02
 3.882021713E+01 2.675832214E+02
 3.890803528E+01 2.560411072E+02
 3.892789078E+01 2.536136169E+02
 3.901861191E+01 2.086476135E+02
 3.901973343E+01 2.080671997E+02
