TITLE     = "VTK Data"
VARIABLES = "X"
"Velocity_X"
ZONE T="Slice: Y=5.521 (region 1)"
 STRANDID=345, SOLUTIONTIME=772
 I=205, J=1, K=1, ZONETYPE=Ordered
 DATAPACKING=POINT
 DT=(SINGLE SINGLE )
 3.372843170E+01 1.952241364E+02
 3.372772217E+01 1.927382965E+02
 3.372766495E+01 1.923169098E+02
 3.371536255E+01 1.923656921E+02
 3.354554367E+01 1.905891113E+02
 3.341606522E+01 1.917063751E+02
 3.334154129E+01 1.924100952E+02
 3.319644165E+01 1.921640625E+02
 3.312651443E+01 1.920327454E+02
 3.308863831E+01 1.928591766E+02
 3.290344238E+01 1.968667450E+02
 3.266554260E+01 2.009084930E+02
 3.264464569E+01 2.012519531E+02
 3.263188171E+01 2.015198059E+02
 3.249140930E+01 2.044184418E+02
 3.240113831E+01 2.062827454E+02
 3.238749313E+01 2.065623627E+02
 3.220989227E+01 2.102158661E+02
 3.198793793E+01 2.147783051E+02
 3.197406387E+01 2.150630646E+02
 3.196367455E+01 2.152664490E+02
 3.173391724E+01 2.197526398E+02
 3.158551025E+01 2.226177063E+02
 3.150507736E+01 2.241737061E+02
 3.130764961E+01 2.281071320E+02
 3.130507469E+01 2.281571503E+02
 3.130083466E+01 2.282343750E+02
 3.107723236E+01 2.323073730E+02
 3.091932678E+01 2.352259216E+02
 3.084315872E+01 2.366124115E+02
 3.077960777E+01 2.377647552E+02
 3.064229012E+01 2.402095337E+02
 3.049945068E+01 2.425913391E+02
 3.042854309E+01 2.438051453E+02
 3.025299835E+01 2.466418915E+02
 3.021545029E+01 2.471998138E+02
 3.002621651E+01 2.497903137E+02
 2.982909775E+01 2.524212036E+02
 2.974828529E+01 2.534757996E+02
 2.958670998E+01 2.555233002E+02
 2.948800468E+01 2.567761536E+02
 2.944423103E+01 2.572531128E+02
 2.921544647E+01 2.597118530E+02
 2.916025162E+01 2.602293396E+02
 2.898355675E+01 2.619462585E+02
 2.883754158E+01 2.632658386E+02
 2.874764442E+01 2.640757446E+02
 2.860711288E+01 2.654568176E+02
 2.850852585E+01 2.663688660E+02
 2.846332359E+01 2.667646179E+02
 2.825598335E+01 2.685502930E+02
 2.819199181E+01 2.689834595E+02
 2.795793915E+01 2.709186707E+02
 2.794130898E+01 2.710574951E+02
 2.793533516E+01 2.711188354E+02
 2.767756081E+01 2.737956543E+02
 2.762561226E+01 2.744042053E+02
 2.746573639E+01 2.762095642E+02
 2.740560913E+01 2.768755798E+02
 2.736237335E+01 2.773054810E+02
 2.720892143E+01 2.788465576E+02
 2.713486099E+01 2.797908630E+02
 2.688893318E+01 2.831950684E+02
 2.681664276E+01 2.842347412E+02
 2.657405853E+01 2.875612793E+02
 2.651568031E+01 2.881541748E+02
 2.620648956E+01 2.890182495E+02
 2.615849495E+01 2.891484985E+02
 2.609256363E+01 2.884899902E+02
 2.584901619E+01 2.866818237E+02
 2.567569923E+01 2.833150024E+02
 2.564662552E+01 2.826753540E+02
 2.547157478E+01 2.781945801E+02
 2.538632584E+01 2.760021362E+02
 2.537931824E+01 2.758450012E+02
 2.536291313E+01 2.754103088E+02
 2.511522102E+01 2.686695557E+02
 2.498492050E+01 2.647571106E+02
 2.494014549E+01 2.633559570E+02
 2.474394989E+01 2.559618835E+02
 2.473663902E+01 2.557061462E+02
 2.465941811E+01 2.528511810E+02
 2.450103569E+01 2.469850006E+02
 2.448763657E+01 2.463667755E+02
 2.427886200E+01 2.369867401E+02
 2.420740700E+01 2.332548523E+02
 2.406724548E+01 2.260249786E+02
 2.396836662E+01 2.198131104E+02
 2.388750267E+01 2.146396942E+02
 2.376804543E+01 2.053247223E+02
 2.373573303E+01 2.028318024E+02
 2.372275734E+01 2.015853577E+02
 2.360847855E+01 1.903760529E+02
 2.355915642E+01 1.841884766E+02
 2.350251007E+01 1.769230652E+02
 2.343898582E+01 1.660673218E+02
 2.341517067E+01 1.618944244E+02
 2.335006142E+01 1.461068268E+02
 2.334423447E+01 1.446554413E+02
 2.331124496E+01 1.331545868E+02
 2.328824234E+01 1.251675720E+02
 2.328594971E+01 1.240779648E+02
 2.324622536E+01 1.046190033E+02
 2.324200058E+01 1.020704422E+02
 2.321779442E+01 8.695928192E+01
 2.321467972E+01 8.548373413E+01
 2.320269966E+01 7.958643341E+01
 2.320194244E+01 8.180577087E+01
 2.319942093E+01 8.924263000E+01
 2.320378113E+01 1.080805817E+02
 2.320509720E+01 1.135407257E+02
 2.321813393E+01 1.429804230E+02
 2.322138023E+01 1.500634308E+02
 2.324692726E+01 1.884653625E+02
 2.325092506E+01 1.942650909E+02
 2.329366875E+01 2.360644836E+02
 2.329507828E+01 2.373870087E+02
 2.330810356E+01 2.452044525E+02
 2.335469246E+01 2.733341675E+02
 2.336371231E+01 2.766409607E+02
 2.343081474E+01 2.998155823E+02
 2.346195984E+01 3.058968201E+02
 2.352494049E+01 3.173753357E+02
 2.359648895E+01 3.244913635E+02
 2.363903809E+01 3.284244995E+02
 2.376260185E+01 3.347173157E+02
 2.377550125E+01 3.353828125E+02
 2.378273392E+01 3.355921631E+02
 2.393736649E+01 3.398581543E+02
 2.406883240E+01 3.415199585E+02
 2.412728882E+01 3.422318115E+02
 2.420182991E+01 3.422970886E+02
 2.434917641E+01 3.424496765E+02
 2.451596832E+01 3.419752502E+02
 2.457988930E+01 3.417309265E+02
 2.478114891E+01 3.401521912E+02
 2.483202934E+01 3.396830750E+02
 2.505359077E+01 3.379599609E+02
 2.507879257E+01 3.377348633E+02
 2.531339073E+01 3.368713684E+02
 2.531598473E+01 3.368604736E+02
 2.533929062E+01 3.367392883E+02
 2.556692696E+01 3.355099792E+02
 2.559448242E+01 3.346803284E+02
 2.585875702E+01 3.254699707E+02
 2.598570061E+01 3.153590393E+02
 2.617215919E+01 2.984851685E+02
 2.631737137E+01 2.850821838E+02
 2.643554497E+01 2.767640686E+02
 2.655858421E+01 2.715130615E+02
 2.668532562E+01 2.701870422E+02
 2.680376816E+01 2.684622498E+02
 2.699869347E+01 2.713815918E+02
 2.713221550E+01 2.736158447E+02
 2.729296684E+01 2.764154053E+02
 2.749472046E+01 2.792283325E+02
 2.780534554E+01 2.811231384E+02
 2.789490318E+01 2.814482117E+02
 2.799839020E+01 2.810584106E+02
 2.826222038E+01 2.802665710E+02
 2.855074692E+01 2.778104858E+02
 2.859634972E+01 2.774004517E+02
 2.866731834E+01 2.767218018E+02
 2.892566872E+01 2.746106873E+02
 2.909321785E+01 2.735845642E+02
 2.926074409E+01 2.726503601E+02
 2.955567169E+01 2.713303223E+02
 2.956565475E+01 2.712904663E+02
 2.957003593E+01 2.712705994E+02
 2.984650612E+01 2.700900879E+02
 2.989670944E+01 2.697920837E+02
 3.013531876E+01 2.681946716E+02
 3.017296791E+01 2.678818970E+02
 3.041592979E+01 2.654844971E+02
 3.041837311E+01 2.654587097E+02
 3.042563438E+01 2.653625488E+02
 3.065703773E+01 2.624492493E+02
 3.075350761E+01 2.610431519E+02
 3.088781929E+01 2.590668335E+02
 3.103769684E+01 2.567577515E+02
 3.104428101E+01 2.566500549E+02
 3.119743538E+01 2.540702820E+02
 3.135888672E+01 2.513447266E+02
 3.141003227E+01 2.505178223E+02
 3.144560242E+01 2.499531097E+02
 3.164317513E+01 2.469013062E+02
 3.174859238E+01 2.453993683E+02
 3.194593430E+01 2.425072174E+02
 3.198131561E+01 2.420406647E+02
 3.204430771E+01 2.412706757E+02
 3.222259521E+01 2.390982208E+02
 3.232041550E+01 2.379242554E+02
 3.243224335E+01 2.366350403E+02
 3.255807495E+01 2.352030029E+02
 3.266304779E+01 2.340454865E+02
 3.284868240E+01 2.315169220E+02
 3.289315414E+01 2.309450378E+02
 3.294268417E+01 2.302117462E+02
 3.312014389E+01 2.275513611E+02
 3.324250793E+01 2.241988678E+02
 3.334123993E+01 2.215373840E+02
 3.348931885E+01 2.173477631E+02
 3.353881073E+01 2.159302673E+02
 3.356823349E+01 2.126924438E+02
 3.372843170E+01 1.952241364E+02
