TITLE     = "VTK Data"
VARIABLES = "X"
"Velocity_X"
ZONE T="Slice: Y=31.987 (region 1)"
 STRANDID=508, SOLUTIONTIME=772
 I=366, J=1, K=1, ZONETYPE=Ordered
 DATAPACKING=POINT
 DT=(SINGLE SINGLE )
 4.416767883E+01 1.930736389E+02
 4.416773605E+01 1.930210266E+02
 4.416852188E+01 1.921787262E+02
 4.415468216E+01 2.080036774E+02
 4.413435745E+01 2.254205627E+02
 4.411690521E+01 2.182711792E+02
 4.409419632E+01 2.103990631E+02
 4.408110809E+01 2.106992950E+02
 4.404790115E+01 2.111736450E+02
 4.404523849E+01 2.110920563E+02
 4.404154968E+01 2.110208130E+02
 4.401166534E+01 2.103771515E+02
 4.398693848E+01 2.099695282E+02
 4.397734833E+01 2.099096680E+02
 4.395608139E+01 2.094577026E+02
 4.394489670E+01 2.093412476E+02
 4.393112946E+01 2.096168823E+02
 4.391847229E+01 2.096505585E+02
 4.390649796E+01 2.097676392E+02
 4.388287735E+01 2.099458160E+02
 4.387619019E+01 2.099910431E+02
 4.384356689E+01 2.104884644E+02
 4.383684921E+01 2.105654449E+02
 4.382409286E+01 2.108354187E+02
 4.379794693E+01 2.113797913E+02
 4.377246094E+01 2.119643707E+02
 4.375683212E+01 2.123554230E+02
 4.374878693E+01 2.125625763E+02
 4.372287369E+01 2.132005920E+02
 4.371006012E+01 2.135910950E+02
 4.369370270E+01 2.141835938E+02
 4.366672516E+01 2.150750885E+02
 4.365926361E+01 2.153294525E+02
 4.365332031E+01 2.155290070E+02
 4.362714767E+01 2.164508667E+02
 4.358987427E+01 2.179825287E+02
 4.358790588E+01 2.180619202E+02
 4.358657837E+01 2.181114349E+02
 4.354075623E+01 2.198759155E+02
 4.353659821E+01 2.200408630E+02
 4.349399567E+01 2.218471375E+02
 4.349351501E+01 2.218678436E+02
 4.349303055E+01 2.218875580E+02
 4.344735718E+01 2.238158722E+02
 4.343974686E+01 2.241387329E+02
 4.340369797E+01 2.257187958E+02
 4.339362717E+01 2.261772461E+02
 4.335854340E+01 2.276928711E+02
 4.335358810E+01 2.278962402E+02
 4.334935379E+01 2.280758362E+02
 4.330931473E+01 2.298651276E+02
 4.329966736E+01 2.302893982E+02
 4.326905060E+01 2.316588593E+02
 4.325838470E+01 2.321496277E+02
 4.323335266E+01 2.332821960E+02
 4.321907043E+01 2.338950195E+02
 4.319621277E+01 2.349378967E+02
 4.317894745E+01 2.356879120E+02
 4.315771484E+01 2.366344604E+02
 4.313792038E+01 2.375040741E+02
 4.311769104E+01 2.384181824E+02
 4.309577560E+01 2.394057007E+02
 4.307752609E+01 2.402505341E+02
 4.305868912E+01 2.410482788E+02
 4.304018784E+01 2.418491516E+02
 4.301458359E+01 2.429905243E+02
 4.299814987E+01 2.437592773E+02
 4.297715759E+01 2.446609344E+02
 4.296099472E+01 2.453286896E+02
 4.293280411E+01 2.464931488E+02
 4.291878128E+01 2.471095734E+02
 4.288687897E+01 2.485178986E+02
 4.287527847E+01 2.490539398E+02
 4.285080338E+01 2.500511017E+02
 4.283797836E+01 2.505334778E+02
 4.281097412E+01 2.515370636E+02
 4.279751968E+01 2.520803680E+02
 4.276954269E+01 2.531946411E+02
 4.275634766E+01 2.537507782E+02
 4.272830582E+01 2.548336334E+02
 4.271577072E+01 2.553093414E+02
 4.268998718E+01 2.561786194E+02
 4.267798996E+01 2.565867615E+02
 4.264595413E+01 2.576684265E+02
 4.263601303E+01 2.580070801E+02
 4.260255432E+01 2.590301208E+02
 4.259136581E+01 2.593734131E+02
 4.255687714E+01 2.604235535E+02
 4.254589462E+01 2.607665405E+02
 4.251525497E+01 2.614635620E+02
 4.250503540E+01 2.616657410E+02
 4.247132492E+01 2.623308716E+02
 4.245949173E+01 2.626180725E+02
 4.242902756E+01 2.632534790E+02
 4.241513062E+01 2.635327454E+02
 4.238554382E+01 2.639719238E+02
 4.236972046E+01 2.642383423E+02
 4.234532928E+01 2.645018005E+02
 4.232525635E+01 2.646719055E+02
 4.230500412E+01 2.647933350E+02
 4.227860260E+01 2.649863281E+02
 4.226352692E+01 2.650374756E+02
 4.223253632E+01 2.650952148E+02
 4.222394180E+01 2.650908813E+02
 4.219327545E+01 2.650195618E+02
 4.218172836E+01 2.649906311E+02
 4.217894745E+01 2.649997864E+02
 4.216751099E+01 2.650151978E+02
 4.213787842E+01 2.650211792E+02
 4.212946701E+01 2.650218201E+02
 4.210812759E+01 2.648598328E+02
 4.209105301E+01 2.645838318E+02
 4.207323456E+01 2.643742371E+02
 4.205324936E+01 2.641166382E+02
 4.203350067E+01 2.638657837E+02
 4.201786804E+01 2.636367188E+02
 4.199113083E+01 2.631959839E+02
 4.198377991E+01 2.630778503E+02
 4.195962143E+01 2.627122498E+02
 4.195081711E+01 2.625750427E+02
 4.194803238E+01 2.625345459E+02
 4.192037582E+01 2.620625610E+02
 4.190932083E+01 2.618619995E+02
 4.189517593E+01 2.615514526E+02
 4.188171005E+01 2.612207336E+02
 4.186631775E+01 2.608736267E+02
 4.184718323E+01 2.604183655E+02
 4.183790588E+01 2.601635742E+02
 4.181381607E+01 2.594244690E+02
 4.180887222E+01 2.592859192E+02
 4.178553009E+01 2.586141052E+02
 4.178488159E+01 2.585926514E+02
 4.176354218E+01 2.577923889E+02
 4.175090408E+01 2.573474731E+02
 4.173545837E+01 2.568499451E+02
 4.171853256E+01 2.561606750E+02
 4.171060562E+01 2.558933105E+02
 4.169000626E+01 2.550402679E+02
 4.168202972E+01 2.547726898E+02
 4.166524124E+01 2.537109070E+02
 4.165515518E+01 2.531529388E+02
 4.164881897E+01 2.527313080E+02
 4.162549973E+01 2.511268158E+02
 4.161443710E+01 2.502494965E+02
 4.159497833E+01 2.485074005E+02
 4.158143616E+01 2.472826385E+02
 4.156483459E+01 2.454067993E+02
 4.155047607E+01 2.437764435E+02
 4.153568649E+01 2.414451447E+02
 4.151905823E+01 2.389356384E+02
 4.150883484E+01 2.368655548E+02
 4.149076462E+01 2.333200989E+02
 4.148589706E+01 2.317408752E+02
 4.147538376E+01 2.284613495E+02
 4.147007370E+01 2.267973328E+02
 4.146761703E+01 2.260575104E+02
 4.145586777E+01 2.203233337E+02
 4.144847870E+01 2.168534241E+02
 4.144282532E+01 2.124548950E+02
 4.143280411E+01 2.048666229E+02
 4.143107224E+01 2.027438049E+02
 4.142378616E+01 1.940317383E+02
 4.142082596E+01 1.904805145E+02
 4.142012024E+01 1.896520996E+02
 4.141218948E+01 1.749118805E+02
 4.141002655E+01 1.709740143E+02
 4.140489960E+01 1.566990814E+02
 4.140220642E+01 1.493276672E+02
 4.139897156E+01 1.364546204E+02
 4.139636993E+01 1.262454758E+02
 4.139423752E+01 1.148980026E+02
 4.139228058E+01 1.043873138E+02
 4.139079666E+01 9.470233154E+01
 4.138967896E+01 8.736791229E+01
 4.138885117E+01 8.205928802E+01
 4.138827515E+01 7.838050842E+01
 4.138796234E+01 7.916029358E+01
 4.138774490E+01 7.972449493E+01
 4.138793945E+01 8.971544647E+01
 4.138808441E+01 9.718239594E+01
 4.138889313E+01 1.130610580E+02
 4.138984680E+01 1.315499878E+02
 4.139169693E+01 1.538004456E+02
 4.139328766E+01 1.727769775E+02
 4.139672089E+01 1.967962646E+02
 4.139847183E+01 2.089087677E+02
 4.140436172E+01 2.313945312E+02
 4.140545273E+01 2.355218811E+02
 4.141114807E+01 2.466429443E+02
 4.141436386E+01 2.529494171E+02
 4.141546249E+01 2.540067902E+02
 4.142543793E+01 2.635436401E+02
 4.143180084E+01 2.665019836E+02
 4.143898392E+01 2.698319397E+02
 4.145537949E+01 2.736577454E+02
 4.145539093E+01 2.736597595E+02
 4.145539856E+01 2.736607056E+02
 4.147515488E+01 2.763283997E+02
 4.149814224E+01 2.783099060E+02
 4.149885559E+01 2.783712769E+02
 4.149920273E+01 2.783971252E+02
 4.150119400E+01 2.785418091E+02
 4.152402496E+01 2.802450867E+02
 4.152827835E+01 2.805216064E+02
 4.154947281E+01 2.815907898E+02
 4.155960083E+01 2.819071045E+02
 4.157585907E+01 2.819170837E+02
 4.159064865E+01 2.816812439E+02
 4.160415649E+01 2.808298340E+02
 4.161362839E+01 2.799181824E+02
 4.163305283E+01 2.782620850E+02
 4.163842773E+01 2.778402710E+02
 4.164185333E+01 2.776410522E+02
 4.166509628E+01 2.762507935E+02
 4.169148254E+01 2.751376953E+02
 4.169287491E+01 2.750749512E+02
 4.169432068E+01 2.750344543E+02
 4.171912766E+01 2.743595886E+02
 4.173992157E+01 2.740029297E+02
 4.174397659E+01 2.739418030E+02
 4.175006104E+01 2.738106689E+02
 4.177090836E+01 2.733358765E+02
 4.178201675E+01 2.731243591E+02
 4.180288315E+01 2.727724915E+02
 4.181793594E+01 2.725939636E+02
 4.183228302E+01 2.724251099E+02
 4.185232544E+01 2.722176514E+02
 4.186182022E+01 2.721440735E+02
 4.187948608E+01 2.719427185E+02
 4.189172745E+01 2.718237610E+02
 4.189889145E+01 2.717506104E+02
 4.192537308E+01 2.715410156E+02
 4.193750763E+01 2.714754028E+02
 4.195461655E+01 2.714156494E+02
 4.197573853E+01 2.712700195E+02
 4.198417664E+01 2.712089233E+02
 4.200494385E+01 2.710692444E+02
 4.201536560E+01 2.709982910E+02
 4.201934814E+01 2.709871216E+02
 4.204302979E+01 2.709360962E+02
 4.205435181E+01 2.708917542E+02
 4.206993484E+01 2.708106689E+02
 4.209075165E+01 2.707642517E+02
 4.209720612E+01 2.707496033E+02
 4.211189270E+01 2.706828613E+02
 4.212793732E+01 2.706030273E+02
 4.213282013E+01 2.705974731E+02
 4.216015244E+01 2.706036682E+02
 4.217163849E+01 2.706200562E+02
 4.218618774E+01 2.706388855E+02
 4.219136047E+01 2.706384583E+02
 4.222066498E+01 2.705520325E+02
 4.222643661E+01 2.705508423E+02
 4.224011612E+01 2.705523682E+02
 4.225806427E+01 2.705595093E+02
 4.226975632E+01 2.705562134E+02
 4.228802109E+01 2.705713501E+02
 4.230733490E+01 2.705072327E+02
 4.232155991E+01 2.704692993E+02
 4.233562088E+01 2.704790649E+02
 4.235934830E+01 2.704967957E+02
 4.237966156E+01 2.704981079E+02
 4.239413452E+01 2.704963989E+02
 4.242490005E+01 2.704483337E+02
 4.242971039E+01 2.704309692E+02
 4.246681595E+01 2.702759705E+02
 4.246751404E+01 2.702727051E+02
 4.250703812E+01 2.700659180E+02
 4.250706482E+01 2.700657654E+02
 4.253903580E+01 2.700105896E+02
 4.255937195E+01 2.698417664E+02
 4.257085419E+01 2.697527466E+02
 4.257442856E+01 2.697223206E+02
 4.261404800E+01 2.693239136E+02
 4.261869431E+01 2.692780151E+02
 4.265639496E+01 2.688588562E+02
 4.265793991E+01 2.688456421E+02
 4.266600037E+01 2.687653809E+02
 4.269084930E+01 2.685228882E+02
 4.270016098E+01 2.683657227E+02
 4.272179031E+01 2.680307617E+02
 4.273251724E+01 2.678606873E+02
 4.276366425E+01 2.673109131E+02
 4.277404785E+01 2.671362305E+02
 4.280438232E+01 2.665221863E+02
 4.281519318E+01 2.663178711E+02
 4.284440613E+01 2.656542358E+02
 4.285501862E+01 2.654047546E+02
 4.288347626E+01 2.646185608E+02
 4.289356995E+01 2.643624268E+02
 4.292456436E+01 2.635540771E+02
 4.293086243E+01 2.634058533E+02
 4.295697784E+01 2.626610413E+02
 4.296728897E+01 2.623738708E+02
 4.296953201E+01 2.623076782E+02
 4.298322296E+01 2.618890991E+02
 4.300803375E+01 2.611378784E+02
 4.301205826E+01 2.610178223E+02
 4.302099991E+01 2.607687988E+02
 4.304106522E+01 2.601584473E+02
 4.306661606E+01 2.593128052E+02
 4.307051849E+01 2.591803284E+02
 4.310490036E+01 2.579564819E+02
 4.310766602E+01 2.578685608E+02
 4.314387131E+01 2.567157593E+02
 4.315182877E+01 2.564752197E+02
 4.317799377E+01 2.557550659E+02
 4.317900085E+01 2.557263794E+02
 4.317961884E+01 2.557080078E+02
 4.320362091E+01 2.549797211E+02
 4.321579742E+01 2.545587311E+02
 4.324068832E+01 2.537413635E+02
 4.325640488E+01 2.532485809E+02
 4.328073502E+01 2.524932404E+02
 4.329999542E+01 2.519475555E+02
 4.332478714E+01 2.512122345E+02
 4.333951950E+01 2.507619324E+02
 4.337010193E+01 2.498417816E+02
 4.338650894E+01 2.493297119E+02
 4.342159653E+01 2.482152557E+02
 4.342931747E+01 2.479593964E+02
 4.347034454E+01 2.467432404E+02
 4.347121048E+01 2.467162933E+02
 4.350032043E+01 2.457981415E+02
 4.351425171E+01 2.453571167E+02
 4.351465225E+01 2.453436127E+02
 4.356064987E+01 2.437971649E+02
 4.356282425E+01 2.437258759E+02
 4.356689453E+01 2.436071320E+02
 4.359805298E+01 2.426250458E+02
 4.362036133E+01 2.419164581E+02
 4.362879181E+01 2.416384888E+02
 4.365057755E+01 2.409310455E+02
 4.365381622E+01 2.408234253E+02
 4.365721893E+01 2.407143555E+02
 4.368107605E+01 2.399289398E+02
 4.369099045E+01 2.396122437E+02
 4.371611023E+01 2.387880554E+02
 4.373351288E+01 2.383049622E+02
 4.375815582E+01 2.375999451E+02
 4.379422379E+01 2.367089844E+02
 4.379549408E+01 2.366754913E+02
 4.379693604E+01 2.366459656E+02
 4.383005142E+01 2.359902649E+02
 4.385013580E+01 2.356540375E+02
 4.386226273E+01 2.354713745E+02
 4.389344406E+01 2.351631012E+02
 4.389683533E+01 2.351396027E+02
 4.391459274E+01 2.351334534E+02
 4.393190002E+01 2.351063995E+02
 4.393404007E+01 2.351187439E+02
 4.393689728E+01 2.351061249E+02
 4.396892166E+01 2.353636627E+02
 4.397517014E+01 2.354476318E+02
 4.400953293E+01 2.356662598E+02
 4.401034927E+01 2.356763916E+02
 4.401276398E+01 2.357261200E+02
 4.404727173E+01 2.362504272E+02
 4.405887222E+01 2.365457764E+02
 4.409601593E+01 2.367413940E+02
 4.409672165E+01 2.368655090E+02
 4.410710907E+01 2.396084290E+02
 4.413311386E+01 2.463219604E+02
 4.413475418E+01 2.469072266E+02
 4.415462875E+01 2.141360321E+02
 4.416767883E+01 1.930736389E+02
