TITLE     = "VTK Data"
VARIABLES = "X"
"Velocity_X"
ZONE T="Slice: Y=12.989 (region 1)"
 STRANDID=391, SOLUTIONTIME=772
 I=226, J=1, K=1, ZONETYPE=Ordered
 DATAPACKING=POINT
 DT=(SINGLE SINGLE )
 3.530944824E+01 1.957849731E+02
 3.530941772E+01 1.892147980E+02
 3.530938339E+01 1.808805542E+02
 3.526453781E+01 1.768251495E+02
 3.521384430E+01 1.722586060E+02
 3.515010452E+01 1.720037537E+02
 3.510470200E+01 1.718135986E+02
 3.502903366E+01 1.707268524E+02
 3.498931122E+01 1.701286163E+02
 3.490235519E+01 1.723079529E+02
 3.486886215E+01 1.731314087E+02
 3.476820755E+01 1.751098785E+02
 3.474511337E+01 1.755228119E+02
 3.463808441E+01 1.787665253E+02
 3.462672043E+01 1.791080627E+02
 3.462437439E+01 1.791767731E+02
 3.451154709E+01 1.824031525E+02
 3.447135162E+01 1.837897034E+02
 3.440159225E+01 1.861320038E+02
 3.428458023E+01 1.898286438E+02
 3.427631378E+01 1.900952759E+02
 3.427064514E+01 1.902808228E+02
 3.413469696E+01 1.947284698E+02
 3.412227249E+01 1.951366425E+02
 3.410048294E+01 1.958143158E+02
 3.399714279E+01 1.990745087E+02
 3.392656708E+01 2.012713623E+02
 3.390745544E+01 2.018953552E+02
 3.382872009E+01 2.045864105E+02
 3.375982285E+01 2.068646851E+02
 3.370283890E+01 2.087907562E+02
 3.358771133E+01 2.127632141E+02
 3.358219147E+01 2.129522858E+02
 3.357264709E+01 2.132828979E+02
 3.344657135E+01 2.177121277E+02
 3.336219406E+01 2.206541901E+02
 3.328985596E+01 2.231909180E+02
 3.322884750E+01 2.253399811E+02
 3.314599228E+01 2.282796631E+02
 3.306898117E+01 2.309470978E+02
 3.299121857E+01 2.334456635E+02
 3.284194183E+01 2.381892395E+02
 3.278899002E+01 2.397020416E+02
 3.265106583E+01 2.439834747E+02
 3.253474045E+01 2.469218445E+02
 3.248088455E+01 2.482742310E+02
 3.245526505E+01 2.488966522E+02
 3.226017761E+01 2.533766785E+02
 3.215895844E+01 2.557948456E+02
 3.201060486E+01 2.586011658E+02
 3.189517403E+01 2.605133667E+02
 3.176893234E+01 2.618951416E+02
 3.159172058E+01 2.639523315E+02
 3.152433777E+01 2.646166077E+02
 3.131521988E+01 2.655760803E+02
 3.130972862E+01 2.656088257E+02
 3.130653381E+01 2.656116943E+02
 3.110886192E+01 2.654769897E+02
 3.097332191E+01 2.649481201E+02
 3.088090515E+01 2.645609436E+02
 3.072335243E+01 2.636349182E+02
 3.061347389E+01 2.629862671E+02
 3.056595802E+01 2.625348206E+02
 3.044542885E+01 2.610279541E+02
 3.041913795E+01 2.606976013E+02
 3.041014290E+01 2.605874329E+02
 3.026244164E+01 2.585450439E+02
 3.019815063E+01 2.576033325E+02
 3.011929131E+01 2.564092407E+02
 2.999516678E+01 2.540623169E+02
 2.998975372E+01 2.539502869E+02
 2.998220062E+01 2.537923889E+02
 2.985068130E+01 2.511814117E+02
 2.978557968E+01 2.497605133E+02
 2.969875908E+01 2.477402344E+02
 2.962271881E+01 2.459484406E+02
 2.955290985E+01 2.441779633E+02
 2.945728493E+01 2.417441711E+02
 2.941941643E+01 2.406939697E+02
 2.929969978E+01 2.373154449E+02
 2.928871155E+01 2.369763794E+02
 2.922341728E+01 2.349472961E+02
 2.916144371E+01 2.330226898E+02
 2.915095139E+01 2.326960907E+02
 2.903757095E+01 2.288537292E+02
 2.901077080E+01 2.279458160E+02
 2.891897392E+01 2.243927612E+02
 2.888574028E+01 2.231055450E+02
 2.883219910E+01 2.206461487E+02
 2.877188110E+01 2.178857269E+02
 2.875909042E+01 2.171433563E+02
 2.872951126E+01 2.154279938E+02
 2.869312668E+01 2.133178864E+02
 2.867733574E+01 2.124076233E+02
 2.863348579E+01 2.089481354E+02
 2.859900093E+01 2.062401123E+02
 2.857892418E+01 2.039299316E+02
 2.853431702E+01 1.988163605E+02
 2.852974701E+01 1.980027466E+02
 2.851083565E+01 1.946488037E+02
 2.848697662E+01 1.904174805E+02
 2.848119545E+01 1.893981323E+02
 2.844989586E+01 1.804833984E+02
 2.843787956E+01 1.770775146E+02
 2.841779709E+01 1.677796631E+02
 2.840309143E+01 1.610030518E+02
 2.839069557E+01 1.517402039E+02
 2.837586212E+01 1.406983185E+02
 2.836862183E+01 1.322409210E+02
 2.835555458E+01 1.170459442E+02
 2.834531784E+01 1.000857849E+02
 2.834183311E+01 9.429208374E+01
 2.833596420E+01 8.311605835E+01
 2.833436203E+01 8.004983521E+01
 2.833271217E+01 8.035727692E+01
 2.833228874E+01 8.043172455E+01
 2.833259583E+01 8.300542450E+01
 2.833379745E+01 9.303628540E+01
 2.833497238E+01 9.811866760E+01
 2.833919144E+01 1.162751694E+02
 2.834192848E+01 1.247537384E+02
 2.834996414E+01 1.495395813E+02
 2.835552597E+01 1.616775055E+02
 2.836726761E+01 1.872059021E+02
 2.837788582E+01 2.025661316E+02
 2.839197159E+01 2.228823242E+02
 2.841140175E+01 2.404865570E+02
 2.842488670E+01 2.526786804E+02
 2.845933151E+01 2.709513550E+02
 2.846699333E+01 2.750108948E+02
 2.849781227E+01 2.836434937E+02
 2.851955986E+01 2.897311401E+02
 2.852909660E+01 2.909262695E+02
 2.858420944E+01 2.978523865E+02
 2.863502312E+01 2.998772278E+02
 2.866289902E+01 3.009966736E+02
 2.871044350E+01 3.010308838E+02
 2.875823402E+01 3.010557556E+02
 2.881412125E+01 3.006685181E+02
 2.887327003E+01 3.002592163E+02
 2.890086365E+01 3.001716309E+02
 2.899944878E+01 2.998411560E+02
 2.901833153E+01 2.998372192E+02
 2.914089203E+01 2.996732788E+02
 2.914118004E+01 2.996740112E+02
 2.914370155E+01 2.996794739E+02
 2.927411461E+01 2.999649658E+02
 2.928823280E+01 2.999997253E+02
 2.939258766E+01 3.006738281E+02
 2.940607452E+01 3.007568054E+02
 2.949713898E+01 3.012897034E+02
 2.956385422E+01 3.016068420E+02
 2.963724709E+01 3.019650269E+02
 2.976951027E+01 3.022932434E+02
 2.978355026E+01 3.022916870E+02
 2.986426353E+01 3.021167603E+02
 2.995035172E+01 3.019307251E+02
 2.996219444E+01 3.019011230E+02
 3.012608528E+01 3.014781189E+02
 3.014452553E+01 3.014135437E+02
 3.030821609E+01 3.003455505E+02
 3.032921600E+01 3.002546082E+02
 3.036220551E+01 3.000761719E+02
 3.046998978E+01 2.994312744E+02
 3.061803246E+01 2.979039001E+02
 3.063135910E+01 2.977619019E+02
 3.064006424E+01 2.977308044E+02
 3.086649895E+01 2.971659851E+02
 3.088646698E+01 2.973027954E+02
 3.106048012E+01 2.987305298E+02
 3.109620857E+01 2.989535828E+02
 3.123487091E+01 2.997225647E+02
 3.137166786E+01 3.006339417E+02
 3.145694733E+01 3.009789429E+02
 3.164228439E+01 3.018856812E+02
 3.167446709E+01 3.018161621E+02
 3.187219429E+01 3.008166809E+02
 3.193373489E+01 3.001246948E+02
 3.210852814E+01 2.984391479E+02
 3.223728943E+01 2.972491150E+02
 3.227663803E+01 2.969205322E+02
 3.239848709E+01 2.963427429E+02
 3.244132996E+01 2.960284729E+02
 3.253293991E+01 2.953860474E+02
 3.260008240E+01 2.949064331E+02
 3.273599625E+01 2.938809814E+02
 3.284730148E+01 2.931092529E+02
 3.297249222E+01 2.917944946E+02
 3.302569580E+01 2.911036377E+02
 3.306328583E+01 2.903997803E+02
 3.322137070E+01 2.876000366E+02
 3.325618744E+01 2.867715149E+02
 3.340063477E+01 2.833433533E+02
 3.340476608E+01 2.832252502E+02
 3.341996765E+01 2.827881165E+02
 3.353144455E+01 2.796161804E+02
 3.358159637E+01 2.780584717E+02
 3.365536118E+01 2.757521057E+02
 3.370240784E+01 2.743371582E+02
 3.378459549E+01 2.718311157E+02
 3.383778000E+01 2.702982483E+02
 3.391742325E+01 2.680094299E+02
 3.397542191E+01 2.665401917E+02
 3.405624771E+01 2.645164185E+02
 3.412649918E+01 2.630661621E+02
 3.417311096E+01 2.620645752E+02
 3.427616119E+01 2.605347290E+02
 3.427949524E+01 2.604870911E+02
 3.428109360E+01 2.604743042E+02
 3.439077759E+01 2.594522095E+02
 3.444725037E+01 2.594700317E+02
 3.450628662E+01 2.593995972E+02
 3.460097122E+01 2.597251587E+02
 3.462474823E+01 2.597914734E+02
 3.474528503E+01 2.608949890E+02
 3.475267029E+01 2.609754639E+02
 3.487756729E+01 2.605702515E+02
 3.487826157E+01 2.605670776E+02
 3.489884949E+01 2.603506470E+02
 3.499919128E+01 2.592920227E+02
 3.500259399E+01 2.590379028E+02
 3.511275482E+01 2.509434662E+02
 3.512250900E+01 2.498896637E+02
 3.521835327E+01 2.396046753E+02
 3.523711014E+01 2.306072235E+02
 3.530944824E+01 1.957849731E+02
