TITLE     = "VTK Data"
VARIABLES = "X"
"Velocity_X"
ZONE T="Slice: Y=11.528 (region 2)"
 STRANDID=382, SOLUTIONTIME=772
 I=55, J=1, K=1, ZONETYPE=Ordered
 DATAPACKING=POINT
 DT=(SINGLE SINGLE )
 2.595863724E+01 1.373585358E+02
 2.603753662E+01 1.395015259E+02
 2.604200172E+01 1.396374969E+02
 2.604449654E+01 1.396739197E+02
 2.598805618E+01 1.382745056E+02
 2.590363121E+01 1.360986938E+02
 2.584669876E+01 1.347373657E+02
 2.571003151E+01 1.317977295E+02
 2.565486336E+01 1.309441528E+02
 2.551082420E+01 1.287505188E+02
 2.538533974E+01 1.268968811E+02
 2.529243660E+01 1.255955811E+02
 2.511906242E+01 1.231711960E+02
 2.510045242E+01 1.229230194E+02
 2.508519173E+01 1.228036499E+02
 2.489320564E+01 1.213934708E+02
 2.476216888E+01 1.209966278E+02
 2.464509201E+01 1.205852280E+02
 2.450713348E+01 1.201140823E+02
 2.436823654E+01 1.197205582E+02
 2.419006920E+01 1.196197052E+02
 2.410164452E+01 1.195811386E+02
 2.399446678E+01 1.195247040E+02
 2.389760590E+01 1.194625626E+02
 2.381498909E+01 1.194574890E+02
 2.373728371E+01 1.196184998E+02
 2.362009239E+01 1.208264542E+02
 2.347809029E+01 1.217003174E+02
 2.353401184E+01 1.211221390E+02
 2.362691498E+01 1.202728195E+02
 2.365716743E+01 1.200724716E+02
 2.386384201E+01 1.195485611E+02
 2.393991661E+01 1.193541641E+02
 2.405900764E+01 1.190625534E+02
 2.420584869E+01 1.187414703E+02
 2.436475182E+01 1.192659988E+02
 2.446644402E+01 1.196028900E+02
 2.450019646E+01 1.197694092E+02
 2.473934937E+01 1.202266388E+02
 2.474233818E+01 1.202182388E+02
 2.474991989E+01 1.202657700E+02
 2.491665840E+01 1.212880096E+02
 2.502478981E+01 1.227443085E+02
 2.512688828E+01 1.236299210E+02
 2.523654747E+01 1.246503754E+02
 2.533649063E+01 1.258238678E+02
 2.545175362E+01 1.276731262E+02
 2.549849129E+01 1.284853668E+02
 2.567665672E+01 1.314714661E+02
 2.568400764E+01 1.315966492E+02
 2.568571281E+01 1.316304321E+02
 2.576615715E+01 1.331673584E+02
 2.584622002E+01 1.346955109E+02
 2.584938431E+01 1.347630920E+02
 2.595863724E+01 1.373585358E+02
