TITLE     = "VTK Data"
VARIABLES = "X"
"Velocity_X"
ZONE T="Slice: Y=8.118 (region 1)"
 STRANDID=361, SOLUTIONTIME=772
 I=222, J=1, K=1, ZONETYPE=Ordered
 DATAPACKING=POINT
 DT=(SINGLE SINGLE )
 2.530867767E+01 2.700736694E+02
 2.542738342E+01 2.696249390E+02
 2.542847252E+01 2.696083679E+02
 2.542967033E+01 2.695804443E+02
 2.549897766E+01 2.677876282E+02
 2.550492287E+01 2.670756836E+02
 2.549448776E+01 2.668376465E+02
 2.541874504E+01 2.673620911E+02
 2.530788994E+01 2.683875122E+02
 2.526985550E+01 2.686735840E+02
 2.514683914E+01 2.696328735E+02
 2.508310318E+01 2.701832886E+02
 2.506974792E+01 2.703614502E+02
 2.499940109E+01 2.708583679E+02
 2.488188744E+01 2.715387878E+02
 2.485117340E+01 2.707841797E+02
 2.473352623E+01 2.688589783E+02
 2.464113808E+01 2.662655029E+02
 2.453372955E+01 2.655910645E+02
 2.439031982E+01 2.646429749E+02
 2.431980324E+01 2.642359619E+02
 2.411861229E+01 2.642283020E+02
 2.403203583E+01 2.646615295E+02
 2.382590866E+01 2.654211121E+02
 2.376888275E+01 2.653746338E+02
 2.358655930E+01 2.652998352E+02
 2.356660461E+01 2.652586670E+02
 2.355740738E+01 2.652627869E+02
 2.338196754E+01 2.650787048E+02
 2.322648621E+01 2.648798218E+02
 2.322605133E+01 2.648797302E+02
 2.321865463E+01 2.648754883E+02
 2.305560493E+01 2.647763367E+02
 2.304679489E+01 2.648268127E+02
 2.289265823E+01 2.659385986E+02
 2.287458038E+01 2.660352478E+02
 2.276020050E+01 2.657836304E+02
 2.274327469E+01 2.656378479E+02
 2.266805077E+01 2.650274353E+02
 2.262722969E+01 2.647010803E+02
 2.261758232E+01 2.646438904E+02
 2.250536919E+01 2.635540466E+02
 2.247474098E+01 2.631004028E+02
 2.235785675E+01 2.616741943E+02
 2.234342766E+01 2.615258484E+02
 2.233937836E+01 2.614686279E+02
 2.232419205E+01 2.612708130E+02
 2.222482872E+01 2.600927734E+02
 2.218840408E+01 2.595574341E+02
 2.212314224E+01 2.586998901E+02
 2.205719185E+01 2.567764282E+02
 2.202895546E+01 2.559770813E+02
 2.193397141E+01 2.504633179E+02
 2.192986679E+01 2.503130341E+02
 2.189230156E+01 2.503557587E+02
 2.182874870E+01 2.503921967E+02
 2.182276154E+01 2.516782684E+02
 2.175594139E+01 2.701034851E+02
 2.174650955E+01 2.726641235E+02
 2.174515152E+01 2.733076172E+02
 2.167888069E+01 3.122042542E+02
 2.162645149E+01 3.328574219E+02
 2.160294151E+01 3.430409851E+02
 2.153627586E+01 3.370414124E+02
 2.153303146E+01 3.368201599E+02
 2.148534775E+01 3.238495483E+02
 2.146550179E+01 3.184323425E+02
 2.146449280E+01 3.181322937E+02
 2.144413757E+01 3.121506042E+02
 2.140441513E+01 3.004614258E+02
 2.140238190E+01 2.998763123E+02
 2.135306931E+01 2.868665466E+02
 2.134364510E+01 2.845108948E+02
 2.130891991E+01 2.772323303E+02
 2.129198647E+01 2.739569092E+02
 2.127685165E+01 2.712300415E+02
 2.125558662E+01 2.679835815E+02
 2.125135803E+01 2.673038330E+02
 2.124805069E+01 2.668627014E+02
 2.123005104E+01 2.601250305E+02
 2.121193504E+01 2.533980865E+02
 2.120984459E+01 2.518091278E+02
 2.120699692E+01 2.495628052E+02
 2.119354630E+01 2.392713013E+02
 2.118264771E+01 2.306161652E+02
 2.117832184E+01 2.264297943E+02
 2.117274857E+01 2.208147888E+02
 2.116531563E+01 2.135649872E+02
 2.115891647E+01 2.070562286E+02
 2.115357971E+01 2.014927979E+02
 2.114691544E+01 1.942919922E+02
 2.114303780E+01 1.902222290E+02
 2.113961792E+01 1.865049133E+02
 2.113375854E+01 1.801957397E+02
 2.112646675E+01 1.720361481E+02
 2.112509155E+01 1.705473022E+02
 2.112384987E+01 1.691538696E+02
 2.111769485E+01 1.627182617E+02
 2.111084747E+01 1.552400665E+02
 2.111055756E+01 1.549405060E+02
 2.111014748E+01 1.544998016E+02
 2.110453606E+01 1.486798859E+02
 2.109997368E+01 1.437432861E+02
 2.109700966E+01 1.405781860E+02
 2.109077835E+01 1.339418793E+02
 2.108630180E+01 1.296084442E+02
 2.108285904E+01 1.261999741E+02
 2.107771683E+01 1.204405975E+02
 2.107579803E+01 1.182517853E+02
 2.107109642E+01 7.791872406E+01
 2.106874657E+01 6.258277512E+01
 2.106730080E+01 4.859931564E+01
 2.106669044E+01 4.767473602E+01
 2.106462288E+01 4.321570587E+01
 2.106407356E+01 4.712549210E+01
 2.106211281E+01 5.914913559E+01
 2.106210709E+01 5.924544907E+01
 2.106210518E+01 5.927839279E+01
 2.106247520E+01 8.251293182E+01
 2.106275749E+01 1.014904099E+02
 2.106293678E+01 1.061698914E+02
 2.106307220E+01 1.096521225E+02
 2.106422615E+01 1.131048737E+02
 2.106547356E+01 1.172508469E+02
 2.106554794E+01 1.174498062E+02
 2.106559944E+01 1.175927200E+02
 2.106781387E+01 1.224163742E+02
 2.106967545E+01 1.267901459E+02
 2.107017517E+01 1.278860321E+02
 2.107071495E+01 1.291317596E+02
 2.107344437E+01 1.347344055E+02
 2.107544327E+01 1.390133667E+02
 2.107716751E+01 1.424259338E+02
 2.107924080E+01 1.467110596E+02
 2.108167076E+01 1.514082184E+02
 2.108337784E+01 1.548277130E+02
 2.108724022E+01 1.623324127E+02
 2.109227562E+01 1.723943481E+02
 2.109343910E+01 1.746116943E+02
 2.109423828E+01 1.761788940E+02
 2.110165024E+01 1.901841125E+02
 2.110917473E+01 2.047331543E+02
 2.111065483E+01 2.074298248E+02
 2.111258316E+01 2.110239563E+02
 2.112246513E+01 2.290100250E+02
 2.112969398E+01 2.423967743E+02
 2.113634682E+01 2.527763977E+02
 2.114651871E+01 2.682346497E+02
 2.115325165E+01 2.784936523E+02
 2.115759468E+01 2.847759705E+02
 2.117543602E+01 2.969429626E+02
 2.119485092E+01 3.067983398E+02
 2.120150566E+01 3.059445190E+02
 2.121467018E+01 3.025828552E+02
 2.123321915E+01 2.984436951E+02
 2.124227142E+01 2.953199768E+02
 2.127067566E+01 2.866708069E+02
 2.130180359E+01 2.772855225E+02
 2.131759262E+01 2.764768982E+02
 2.138222694E+01 2.740751343E+02
 2.138924789E+01 2.742490540E+02
 2.143048668E+01 2.750629883E+02
 2.146790504E+01 2.758390808E+02
 2.147425842E+01 2.759378052E+02
 2.155308723E+01 2.735526123E+02
 2.157751274E+01 2.725961304E+02
 2.164048004E+01 2.682704468E+02
 2.169441986E+01 2.657373047E+02
 2.173539162E+01 2.645579224E+02
 2.182930183E+01 2.636414185E+02
 2.183711052E+01 2.636881104E+02
 2.185818481E+01 2.636765137E+02
 2.194892693E+01 2.637031860E+02
 2.198009872E+01 2.637671814E+02
 2.208461380E+01 2.622345276E+02
 2.212119675E+01 2.615006714E+02
 2.219003868E+01 2.599538574E+02
 2.227300072E+01 2.584580688E+02
 2.235477829E+01 2.579089966E+02
 2.242839241E+01 2.573444519E+02
 2.246856117E+01 2.574295959E+02
 2.256242752E+01 2.576688232E+02
 2.261970901E+01 2.572687988E+02
 2.268816757E+01 2.565319519E+02
 2.278298950E+01 2.557109528E+02
 2.284984398E+01 2.552180328E+02
 2.289346504E+01 2.550162354E+02
 2.299981117E+01 2.549788513E+02
 2.307265091E+01 2.546059418E+02
 2.313931465E+01 2.542882843E+02
 2.318903160E+01 2.541114197E+02
 2.329646492E+01 2.532105713E+02
 2.334040642E+01 2.526783295E+02
 2.344603920E+01 2.516273041E+02
 2.348115540E+01 2.517442932E+02
 2.355531120E+01 2.528938904E+02
 2.363594818E+01 2.531196747E+02
 2.365121078E+01 2.531276703E+02
 2.365985107E+01 2.530336609E+02
 2.376104164E+01 2.524994049E+02
 2.380683327E+01 2.521131744E+02
 2.389437294E+01 2.513843231E+02
 2.395736885E+01 2.513299866E+02
 2.404538536E+01 2.514842072E+02
 2.411757851E+01 2.516771851E+02
 2.418114853E+01 2.520420532E+02
 2.423671341E+01 2.524147034E+02
 2.433401299E+01 2.531480103E+02
 2.438178444E+01 2.535061951E+02
 2.450311279E+01 2.547792053E+02
 2.452737236E+01 2.551314850E+02
 2.463656044E+01 2.568999939E+02
 2.466765594E+01 2.574107971E+02
 2.467460632E+01 2.575683289E+02
 2.480119324E+01 2.601671448E+02
 2.484366989E+01 2.608614502E+02
 2.492924690E+01 2.621679382E+02
 2.501097679E+01 2.636506348E+02
 2.506768799E+01 2.647865601E+02
 2.517134285E+01 2.679218750E+02
 2.523817062E+01 2.695614624E+02
 2.530867767E+01 2.700736694E+02
