TITLE     = "VTK Data"
VARIABLES = "X"
"Velocity_X"
ZONE T="Slice: Y=13.152 (region 1)"
 STRANDID=392, SOLUTIONTIME=772
 I=227, J=1, K=1, ZONETYPE=Ordered
 DATAPACKING=POINT
 DT=(SINGLE SINGLE )
 3.538545227E+01 1.961673279E+02
 3.538541031E+01 1.836928711E+02
 3.538540268E+01 1.810681000E+02
 3.537207794E+01 1.798542786E+02
 3.528911209E+01 1.723260498E+02
 3.525918961E+01 1.722055969E+02
 3.517855453E+01 1.718870239E+02
 3.513900757E+01 1.713305969E+02
 3.506067276E+01 1.702207642E+02
 3.501443863E+01 1.714070892E+02
 3.493622589E+01 1.734198456E+02
 3.488496780E+01 1.745410156E+02
 3.480232239E+01 1.762625885E+02
 3.474839401E+01 1.779046631E+02
 3.467279434E+01 1.801105652E+02
 3.460499573E+01 1.820494995E+02
 3.455569077E+01 1.835072632E+02
 3.446368790E+01 1.866102753E+02
 3.443891525E+01 1.874657288E+02
 3.434026337E+01 1.906382446E+02
 3.431697083E+01 1.913893127E+02
 3.430968475E+01 1.916268311E+02
 3.420282364E+01 1.950417023E+02
 3.409337997E+01 1.985565948E+02
 3.408632660E+01 1.987867126E+02
 3.408221436E+01 1.989168243E+02
 3.395132828E+01 2.031470032E+02
 3.390109253E+01 2.047904205E+02
 3.378287125E+01 2.086468201E+02
 3.375418091E+01 2.095946808E+02
 3.367102432E+01 2.125556488E+02
 3.361702728E+01 2.144943237E+02
 3.359529114E+01 2.152484436E+02
 3.346941376E+01 2.196610107E+02
 3.338623428E+01 2.225421753E+02
 3.332900620E+01 2.245319824E+02
 3.320762253E+01 2.286530762E+02
 3.314558411E+01 2.308591003E+02
 3.299709702E+01 2.356917419E+02
 3.294682693E+01 2.373584595E+02
 3.292767715E+01 2.379325562E+02
 3.268381882E+01 2.448390656E+02
 3.268227005E+01 2.448754883E+02
 3.267959595E+01 2.449385223E+02
 3.245484161E+01 2.505104980E+02
 3.228638458E+01 2.543941040E+02
 3.222281265E+01 2.558991547E+02
 3.217220688E+01 2.568847351E+02
 3.201312637E+01 2.599021912E+02
 3.195678902E+01 2.604256592E+02
 3.178444290E+01 2.622547302E+02
 3.171161652E+01 2.630518494E+02
 3.168707848E+01 2.633367004E+02
 3.159685135E+01 2.642261658E+02
 3.148198509E+01 2.653034973E+02
 3.143316460E+01 2.652145386E+02
 3.129697227E+01 2.651140442E+02
 3.119865608E+01 2.650479126E+02
 3.108743095E+01 2.647223511E+02
 3.096926880E+01 2.642460022E+02
 3.085312843E+01 2.637561646E+02
 3.078258705E+01 2.633346863E+02
 3.067495728E+01 2.622505493E+02
 3.054235649E+01 2.609127808E+02
 3.049205399E+01 2.603051758E+02
 3.036336517E+01 2.585500488E+02
 3.032655144E+01 2.580557251E+02
 3.031442070E+01 2.578854675E+02
 3.015686226E+01 2.553232574E+02
 3.011137962E+01 2.546444397E+02
 2.999068642E+01 2.522531891E+02
 2.996242332E+01 2.517023315E+02
 2.994492912E+01 2.513047485E+02
 2.981068230E+01 2.483620453E+02
 2.970154762E+01 2.459968262E+02
 2.969778252E+01 2.459097900E+02
 2.958082581E+01 2.426765289E+02
 2.956212044E+01 2.422018433E+02
 2.944867325E+01 2.390683136E+02
 2.940793037E+01 2.379365540E+02
 2.932104683E+01 2.352929993E+02
 2.926037025E+01 2.334187012E+02
 2.919613075E+01 2.312424774E+02
 2.912104034E+01 2.286993713E+02
 2.907523918E+01 2.269181519E+02
 2.899635315E+01 2.238538208E+02
 2.897197914E+01 2.227324066E+02
 2.892505836E+01 2.205751343E+02
 2.889729309E+01 2.192996826E+02
 2.888280678E+01 2.186344452E+02
 2.882974625E+01 2.155532379E+02
 2.878851509E+01 2.131578827E+02
 2.876698685E+01 2.114534607E+02
 2.871038818E+01 2.069728394E+02
 2.870953560E+01 2.068743134E+02
 2.870663261E+01 2.065394135E+02
 2.865972328E+01 2.011305847E+02
 2.864587784E+01 1.995354309E+02
 2.861506271E+01 1.940351257E+02
 2.859289360E+01 1.900850525E+02
 2.857553291E+01 1.851085052E+02
 2.854968452E+01 1.777152405E+02
 2.854115295E+01 1.737354279E+02
 2.851498032E+01 1.615706177E+02
 2.851188850E+01 1.592415161E+02
 2.848781395E+01 1.411817474E+02
 2.848770523E+01 1.410546112E+02
 2.848650551E+01 1.396473236E+02
 2.846911621E+01 1.192411652E+02
 2.846755028E+01 1.174105301E+02
 2.846632195E+01 1.153684692E+02
 2.845385170E+01 9.455224609E+01
 2.845274353E+01 9.243168640E+01
 2.844639206E+01 8.020537567E+01
 2.844602585E+01 8.026980591E+01
 2.844430923E+01 8.058105469E+01
 2.844554138E+01 9.103423309E+01
 2.844580078E+01 9.321412659E+01
 2.845038605E+01 1.131573486E+02
 2.845117378E+01 1.165647278E+02
 2.846091652E+01 1.468823395E+02
 2.846191788E+01 1.499834442E+02
 2.847911263E+01 1.876352386E+02
 2.847917938E+01 1.877778168E+02
 2.847989655E+01 1.888181458E+02
 2.850381851E+01 2.235198517E+02
 2.850830460E+01 2.276002045E+02
 2.853664017E+01 2.533317566E+02
 2.855090332E+01 2.609121399E+02
 2.857862282E+01 2.756341858E+02
 2.861146355E+01 2.848177185E+02
 2.863102722E+01 2.902907715E+02
 2.869054031E+01 2.977161560E+02
 2.869547272E+01 2.983303528E+02
 2.869835472E+01 2.984420776E+02
 2.877391243E+01 3.013922424E+02
 2.884107971E+01 3.013912964E+02
 2.886894035E+01 3.013954468E+02
 2.890357971E+01 3.011512451E+02
 2.898360443E+01 3.005762939E+02
 2.905637550E+01 3.002949219E+02
 2.910933685E+01 3.000583191E+02
 2.917602730E+01 2.999221802E+02
 2.924980354E+01 2.997461243E+02
 2.929928017E+01 2.998680725E+02
 2.939672470E+01 3.000881653E+02
 2.942428398E+01 3.002566528E+02
 2.953701401E+01 3.008196716E+02
 2.954833412E+01 3.008726807E+02
 2.964570999E+01 3.015440979E+02
 2.966027832E+01 3.016247864E+02
 2.973121452E+01 3.019448547E+02
 2.986298370E+01 3.017612000E+02
 2.986903000E+01 3.017577209E+02
 2.987291908E+01 3.017525940E+02
 3.004044724E+01 3.013335266E+02
 3.006057358E+01 3.012694397E+02
 3.020966148E+01 3.007478333E+02
 3.023049927E+01 3.006893616E+02
 3.037401390E+01 3.001012878E+02
 3.037757111E+01 3.000858765E+02
 3.037814522E+01 3.000827637E+02
 3.051583099E+01 2.990171509E+02
 3.056640816E+01 2.984771423E+02
 3.073706245E+01 2.970537109E+02
 3.078507614E+01 2.969385986E+02
 3.096966553E+01 2.974649658E+02
 3.099194908E+01 2.976481628E+02
 3.105899620E+01 2.980913086E+02
 3.119141769E+01 2.989893188E+02
 3.124668121E+01 2.993781128E+02
 3.139673233E+01 3.003635254E+02
 3.153396988E+01 3.017413330E+02
 3.156470490E+01 3.018977966E+02
 3.170939064E+01 3.022244568E+02
 3.179241753E+01 3.018056335E+02
 3.192879486E+01 3.011204529E+02
 3.207417297E+01 2.998230591E+02
 3.214301682E+01 2.993204651E+02
 3.235955811E+01 2.976279907E+02
 3.236236572E+01 2.976059570E+02
 3.236671448E+01 2.975679016E+02
 3.257048798E+01 2.959457703E+02
 3.276016235E+01 2.945417175E+02
 3.279636383E+01 2.943092041E+02
 3.281722260E+01 2.941919556E+02
 3.286983109E+01 2.938171387E+02
 3.301076126E+01 2.926992798E+02
 3.314167023E+01 2.909060059E+02
 3.318197632E+01 2.901936340E+02
 3.329969025E+01 2.879924622E+02
 3.334537506E+01 2.871568604E+02
 3.336312485E+01 2.867897644E+02
 3.349383163E+01 2.835247803E+02
 3.358512115E+01 2.808547058E+02
 3.362982559E+01 2.794923401E+02
 3.369117355E+01 2.775761414E+02
 3.374692154E+01 2.758253479E+02
 3.385542297E+01 2.725622253E+02
 3.388463593E+01 2.716825562E+02
 3.389244080E+01 2.714584961E+02
 3.392036819E+01 2.706699829E+02
 3.402444839E+01 2.676774597E+02
 3.410076141E+01 2.657191772E+02
 3.414287186E+01 2.646436768E+02
 3.415715790E+01 2.643332520E+02
 3.419264984E+01 2.636627197E+02
 3.429037857E+01 2.616609192E+02
 3.438722992E+01 2.603239441E+02
 3.442105484E+01 2.599114075E+02
 3.443798065E+01 2.598753357E+02
 3.454891205E+01 2.593221130E+02
 3.460029602E+01 2.594620361E+02
 3.466836929E+01 2.596785583E+02
 3.473242569E+01 2.600613403E+02
 3.475649643E+01 2.603186340E+02
 3.483441544E+01 2.611571655E+02
 3.486669159E+01 2.610109253E+02
 3.495311356E+01 2.607218323E+02
 3.498573685E+01 2.604222717E+02
 3.507492065E+01 2.597489014E+02
 3.510903168E+01 2.572719116E+02
 3.518867111E+01 2.515273590E+02
 3.522802734E+01 2.473177338E+02
 3.529433060E+01 2.402313080E+02
 3.534058380E+01 2.178909607E+02
 3.538545227E+01 1.961673279E+02
