TITLE     = "VTK Data"
VARIABLES = "X"
"Velocity_X"
ZONE T="Slice: Y=6.982 (region 1)"
 STRANDID=354, SOLUTIONTIME=772
 I=201, J=1, K=1, ZONETYPE=Ordered
 DATAPACKING=POINT
 DT=(SINGLE SINGLE )
 3.396100235E+01 1.942976379E+02
 3.396069336E+01 1.886065979E+02
 3.396039963E+01 1.863386078E+02
 3.381691742E+01 1.872993317E+02
 3.379053879E+01 1.873796387E+02
 3.373731232E+01 1.877243347E+02
 3.360014725E+01 1.886327515E+02
 3.352081299E+01 1.884872742E+02
 3.339717484E+01 1.882715607E+02
 3.323988342E+01 1.914773254E+02
 3.322982025E+01 1.916740112E+02
 3.319141769E+01 1.922695007E+02
 3.305175400E+01 1.944413605E+02
 3.303087616E+01 1.948008575E+02
 3.281634140E+01 1.995964966E+02
 3.277156067E+01 2.005760956E+02
 3.254015350E+01 2.054550018E+02
 3.246128845E+01 2.071215668E+02
 3.229256439E+01 2.106349335E+02
 3.216320419E+01 2.133368530E+02
 3.202333069E+01 2.162376099E+02
 3.186426926E+01 2.195059662E+02
 3.179002571E+01 2.210657501E+02
 3.154109955E+01 2.266139832E+02
 3.145918655E+01 2.283646545E+02
 3.124160576E+01 2.331036835E+02
 3.105677223E+01 2.371617432E+02
 3.101554108E+01 2.380736542E+02
 3.089107323E+01 2.407095642E+02
 3.079005241E+01 2.428364410E+02
 3.075543022E+01 2.435183563E+02
 3.056100655E+01 2.472984467E+02
 3.039044952E+01 2.504122772E+02
 3.035808945E+01 2.509640350E+02
 3.015124321E+01 2.540568695E+02
 3.002490616E+01 2.559942169E+02
 2.986258698E+01 2.582680359E+02
 2.972534370E+01 2.600639648E+02
 2.964678574E+01 2.608707275E+02
 2.950266266E+01 2.620670776E+02
 2.933539963E+01 2.632201843E+02
 2.926959229E+01 2.637174072E+02
 2.916881371E+01 2.644629211E+02
 2.906543922E+01 2.651526794E+02
 2.894075394E+01 2.655914307E+02
 2.888876534E+01 2.658290710E+02
 2.887045288E+01 2.658005066E+02
 2.867788124E+01 2.657047729E+02
 2.860239220E+01 2.658947449E+02
 2.837244987E+01 2.662721558E+02
 2.832994080E+01 2.663808594E+02
 2.825506973E+01 2.665336609E+02
 2.815328217E+01 2.667387390E+02
 2.806867981E+01 2.666505737E+02
 2.798959541E+01 2.666285400E+02
 2.790243912E+01 2.669711609E+02
 2.778274155E+01 2.672602234E+02
 2.771494293E+01 2.673887634E+02
 2.754636383E+01 2.683820190E+02
 2.748948097E+01 2.687560425E+02
 2.743968582E+01 2.691691284E+02
 2.725782776E+01 2.706561279E+02
 2.722556114E+01 2.709034119E+02
 2.707365227E+01 2.724138184E+02
 2.696224213E+01 2.738836670E+02
 2.679343414E+01 2.763549805E+02
 2.675775528E+01 2.766782837E+02
 2.661626244E+01 2.776011353E+02
 2.638550949E+01 2.781835327E+02
 2.636169052E+01 2.783029175E+02
 2.634787369E+01 2.782776794E+02
 2.631110954E+01 2.782179565E+02
 2.610194016E+01 2.777673645E+02
 2.597201920E+01 2.753790894E+02
 2.589871597E+01 2.740724182E+02
 2.574165535E+01 2.700406799E+02
 2.567317009E+01 2.681373291E+02
 2.552603912E+01 2.630143127E+02
 2.545817757E+01 2.605570679E+02
 2.531723595E+01 2.547069092E+02
 2.525321388E+01 2.520576172E+02
 2.511874962E+01 2.451908112E+02
 2.506816673E+01 2.426200104E+02
 2.498002243E+01 2.374583740E+02
 2.489587402E+01 2.325055084E+02
 2.480892372E+01 2.263055878E+02
 2.475065613E+01 2.221564178E+02
 2.471980286E+01 2.194856415E+02
 2.462878990E+01 2.115453796E+02
 2.455628395E+01 2.034198456E+02
 2.452696800E+01 2.001057434E+02
 2.445212555E+01 1.887287750E+02
 2.444256592E+01 1.872836456E+02
 2.444027901E+01 1.868026733E+02
 2.437330437E+01 1.723750763E+02
 2.435882759E+01 1.680037079E+02
 2.431731606E+01 1.551646423E+02
 2.429865074E+01 1.463032990E+02
 2.427326012E+01 1.350529175E+02
 2.425794983E+01 1.247553329E+02
 2.424029732E+01 1.130874100E+02
 2.422651100E+01 1.029537735E+02
 2.421803474E+01 9.584872437E+01
 2.421016121E+01 9.042646027E+01
 2.420615578E+01 8.745272064E+01
 2.420429611E+01 9.271557617E+01
 2.420340538E+01 9.510248566E+01
 2.420461655E+01 1.017616196E+02
 2.420719910E+01 1.157084732E+02
 2.421098709E+01 1.264727402E+02
 2.421839905E+01 1.471427612E+02
 2.422637749E+01 1.626428223E+02
 2.423930740E+01 1.871931915E+02
 2.425402260E+01 2.064037018E+02
 2.427139854E+01 2.285028534E+02
 2.429698563E+01 2.499171753E+02
 2.431567383E+01 2.651225891E+02
 2.435878944E+01 2.873903809E+02
 2.437315369E+01 2.945824890E+02
 2.444446182E+01 3.160215149E+02
 2.444515419E+01 3.162218018E+02
 2.444787216E+01 3.166595459E+02
 2.453354073E+01 3.305696411E+02
 2.456976891E+01 3.336948853E+02
 2.464038849E+01 3.395541992E+02
 2.474814987E+01 3.441723633E+02
 2.476811409E+01 3.449933777E+02
 2.480275345E+01 3.456451721E+02
 2.492011070E+01 3.478495178E+02
 2.504523849E+01 3.486387939E+02
 2.509965706E+01 3.489371338E+02
 2.512851143E+01 3.488559265E+02
 2.529127884E+01 3.485239258E+02
 2.532739639E+01 3.480441895E+02
 2.550238609E+01 3.455273743E+02
 2.553648186E+01 3.449616089E+02
 2.575216675E+01 3.417312317E+02
 2.576527977E+01 3.416393433E+02
 2.578619576E+01 3.416359253E+02
 2.595377922E+01 3.411406250E+02
 2.610570145E+01 3.419681091E+02
 2.613120842E+01 3.418821411E+02
 2.616568947E+01 3.397869263E+02
 2.632456779E+01 3.322687073E+02
 2.643241501E+01 3.205110168E+02
 2.656563187E+01 3.025747986E+02
 2.670545959E+01 2.836375732E+02
 2.677328873E+01 2.742015991E+02
 2.698271370E+01 2.665532532E+02
 2.698949051E+01 2.662373962E+02
 2.700800514E+01 2.666547546E+02
 2.723478317E+01 2.719689636E+02
 2.732457161E+01 2.751065979E+02
 2.749778366E+01 2.818859863E+02
 2.769948196E+01 2.873932495E+02
 2.776216888E+01 2.893812866E+02
 2.785488701E+01 2.903029480E+02
 2.804282761E+01 2.921705627E+02
 2.815257835E+01 2.915670776E+02
 2.839322472E+01 2.905465088E+02
 2.861691284E+01 2.875982361E+02
 2.872119904E+01 2.862590027E+02
 2.889659119E+01 2.836325989E+02
 2.902235413E+01 2.819946899E+02
 2.917900848E+01 2.801366882E+02
 2.929863358E+01 2.787549744E+02
 2.944851685E+01 2.777306824E+02
 2.962091446E+01 2.766793823E+02
 2.967469025E+01 2.764286499E+02
 2.989134598E+01 2.754227295E+02
 3.004821205E+01 2.747441711E+02
 3.010913658E+01 2.744183960E+02
 3.040268135E+01 2.725912781E+02
 3.067493248E+01 2.699346313E+02
 3.078662109E+01 2.688171387E+02
 3.084504318E+01 2.681371460E+02
 3.095879555E+01 2.665383606E+02
 3.113484001E+01 2.641994324E+02
 3.131614685E+01 2.608655396E+02
 3.147536850E+01 2.581112366E+02
 3.173231888E+01 2.533039551E+02
 3.178517914E+01 2.522702484E+02
 3.188810349E+01 2.504231873E+02
 3.206131744E+01 2.474013977E+02
 3.220029831E+01 2.452196808E+02
 3.233346558E+01 2.430610046E+02
 3.240435028E+01 2.419817047E+02
 3.265179062E+01 2.385785217E+02
 3.268551636E+01 2.381352539E+02
 3.273303986E+01 2.375923920E+02
 3.293138504E+01 2.354615784E+02
 3.313871765E+01 2.327252045E+02
 3.314017868E+01 2.327055817E+02
 3.314142227E+01 2.326903687E+02
 3.336188507E+01 2.300222473E+02
 3.349771881E+01 2.265673828E+02
 3.357309723E+01 2.246843262E+02
 3.368357468E+01 2.215232239E+02
 3.377280807E+01 2.191830292E+02
 3.382264709E+01 2.117660675E+02
 3.396100235E+01 1.942976379E+02
