TITLE     = "VTK Data"
VARIABLES = "X"
"Velocity_X"
ZONE T="Slice: Y=14.288 (region 1)"
 STRANDID=399, SOLUTIONTIME=772
 I=212, J=1, K=1, ZONETYPE=Ordered
 DATAPACKING=POINT
 DT=(SINGLE SINGLE )
 3.591513443E+01 1.984689789E+02
 3.591519165E+01 1.834282379E+02
 3.591519547E+01 1.822778473E+02
 3.591084290E+01 1.816461029E+02
 3.581880188E+01 1.726451874E+02
 3.579868317E+01 1.725238190E+02
 3.570772171E+01 1.720772858E+02
 3.567890549E+01 1.716144562E+02
 3.558859253E+01 1.703558655E+02
 3.555530930E+01 1.710917816E+02
 3.546143341E+01 1.730693665E+02
 3.543458176E+01 1.733778992E+02
 3.532963181E+01 1.756536102E+02
 3.531502151E+01 1.761630859E+02
 3.530079651E+01 1.766197968E+02
 3.517776108E+01 1.806856232E+02
 3.509911346E+01 1.829676208E+02
 3.503666306E+01 1.847999878E+02
 3.492858887E+01 1.883708191E+02
 3.489849472E+01 1.893520508E+02
 3.486410904E+01 1.904493256E+02
 3.476047516E+01 1.938771667E+02
 3.467129898E+01 1.968894348E+02
 3.460590744E+01 1.990641327E+02
 3.450964355E+01 2.021923370E+02
 3.446564484E+01 2.036242828E+02
 3.434843826E+01 2.077113647E+02
 3.432662582E+01 2.084658508E+02
 3.420184708E+01 2.128125458E+02
 3.407944489E+01 2.171158295E+02
 3.399700546E+01 2.200263672E+02
 3.382349014E+01 2.263011475E+02
 3.380739594E+01 2.268734741E+02
 3.379973602E+01 2.271365356E+02
 3.360694885E+01 2.334524384E+02
 3.353438187E+01 2.358511963E+02
 3.340820694E+01 2.398334961E+02
 3.325749969E+01 2.441539307E+02
 3.324844360E+01 2.443780670E+02
 3.304423904E+01 2.491129303E+02
 3.304158401E+01 2.491698761E+02
 3.278676605E+01 2.544367065E+02
 3.278306961E+01 2.544940338E+02
 3.275793076E+01 2.548421631E+02
 3.253227234E+01 2.579681091E+02
 3.248737717E+01 2.585869141E+02
 3.228701782E+01 2.605935364E+02
 3.216465759E+01 2.617309570E+02
 3.209162521E+01 2.622299194E+02
 3.199351501E+01 2.622496033E+02
 3.191191673E+01 2.623907776E+02
 3.180625343E+01 2.623635559E+02
 3.171696091E+01 2.622525940E+02
 3.167637634E+01 2.621706848E+02
 3.152049637E+01 2.616004028E+02
 3.147716331E+01 2.612695007E+02
 3.130922318E+01 2.602007751E+02
 3.128337669E+01 2.599973450E+02
 3.118771553E+01 2.591546631E+02
 3.111201286E+01 2.584887695E+02
 3.108507156E+01 2.582259827E+02
 3.094533348E+01 2.564871521E+02
 3.082956696E+01 2.550021362E+02
 3.079724312E+01 2.546160583E+02
 3.075279617E+01 2.538443298E+02
 3.065973091E+01 2.522615662E+02
 3.058403587E+01 2.507145233E+02
 3.052374268E+01 2.495637817E+02
 3.047231293E+01 2.486194153E+02
 3.039704704E+01 2.470023651E+02
 3.031921387E+01 2.450938110E+02
 3.027681923E+01 2.440238037E+02
 3.016643906E+01 2.412298584E+02
 3.015093231E+01 2.407830200E+02
 3.005867577E+01 2.381133728E+02
 3.002786446E+01 2.372204285E+02
 3.002267456E+01 2.370700836E+02
 2.990793610E+01 2.333550568E+02
 2.988723183E+01 2.326814575E+02
 2.979324532E+01 2.290759125E+02
 2.976619911E+01 2.280364075E+02
 2.971077347E+01 2.255107727E+02
 2.965511703E+01 2.229794006E+02
 2.963996696E+01 2.220982971E+02
 2.960517311E+01 2.200792389E+02
 2.957568169E+01 2.183604736E+02
 2.956281662E+01 2.176116638E+02
 2.951782799E+01 2.140139008E+02
 2.948629761E+01 2.114956665E+02
 2.946486855E+01 2.089752502E+02
 2.942308235E+01 2.040664062E+02
 2.941710472E+01 2.029703979E+02
 2.939248466E+01 1.984627686E+02
 2.937530708E+01 1.953134766E+02
 2.937113571E+01 1.945501556E+02
 2.933926010E+01 1.851134338E+02
 2.932874680E+01 1.820074768E+02
 2.930805206E+01 1.719929810E+02
 2.929467773E+01 1.655382080E+02
 2.928169823E+01 1.553758698E+02
 2.926798439E+01 1.446680603E+02
 2.926024055E+01 1.351481171E+02
 2.924804878E+01 1.202142792E+02
 2.923847771E+01 1.034810715E+02
 2.923454285E+01 9.656850433E+01
 2.922899628E+01 8.528295135E+01
 2.922713852E+01 8.147061157E+01
 2.922551155E+01 8.132804871E+01
 2.922500038E+01 8.126486206E+01
 2.922532845E+01 8.424996948E+01
 2.922637749E+01 9.375054932E+01
 2.922771454E+01 9.980109406E+01
 2.923160934E+01 1.174125061E+02
 2.923470879E+01 1.274226227E+02
 2.924215508E+01 1.514316254E+02
 2.924833679E+01 1.654048767E+02
 2.925911522E+01 1.897207794E+02
 2.927064514E+01 2.068793182E+02
 2.928328896E+01 2.256632996E+02
 2.930393982E+01 2.447858276E+02
 2.931544495E+01 2.554224243E+02
 2.935141373E+01 2.747465820E+02
 2.935652161E+01 2.774869690E+02
 2.937685204E+01 2.831622925E+02
 2.940775299E+01 2.917855225E+02
 2.942148209E+01 2.934537964E+02
 2.947070885E+01 2.994273682E+02
 2.952664185E+01 3.014100037E+02
 2.954730225E+01 3.021404114E+02
 2.958212662E+01 3.020308838E+02
 2.964004326E+01 3.018388062E+02
 2.970907974E+01 3.011903687E+02
 2.975189400E+01 3.007878723E+02
 2.977153778E+01 3.006559753E+02
 2.987360191E+01 2.999441223E+02
 2.988456726E+01 2.998901672E+02
 2.995834160E+01 2.994929504E+02
 3.000316238E+01 2.992528381E+02
 3.000979805E+01 2.992137451E+02
 3.012488174E+01 2.987738953E+02
 3.015427971E+01 2.986348572E+02
 3.024919510E+01 2.984227905E+02
 3.030772018E+01 2.982952881E+02
 3.037293816E+01 2.982417603E+02
 3.043879509E+01 2.982608337E+02
 3.051183510E+01 2.979561462E+02
 3.055707359E+01 2.977185669E+02
 3.062736511E+01 2.972714844E+02
 3.068513680E+01 2.968554077E+02
 3.075450897E+01 2.964225464E+02
 3.081922340E+01 2.960561829E+02
 3.084791565E+01 2.958466187E+02
 3.097700882E+01 2.954058228E+02
 3.102256203E+01 2.952603455E+02
 3.115481567E+01 2.955255737E+02
 3.118274689E+01 2.956121826E+02
 3.130828476E+01 2.962095947E+02
 3.136794281E+01 2.964896545E+02
 3.138126945E+01 2.966134033E+02
 3.143652916E+01 2.971328735E+02
 3.157801437E+01 2.984241943E+02
 3.162022781E+01 2.988536682E+02
 3.176884079E+01 3.003351746E+02
 3.187952423E+01 3.013520813E+02
 3.198051071E+01 3.019336243E+02
 3.213913345E+01 3.029134521E+02
 3.220012283E+01 3.030367737E+02
 3.239864731E+01 3.032463074E+02
 3.244021606E+01 3.031015015E+02
 3.250796509E+01 3.025567932E+02
 3.267139053E+01 3.015304260E+02
 3.283234787E+01 3.003245239E+02
 3.288903809E+01 2.998750610E+02
 3.294129944E+01 2.997350769E+02
 3.306137466E+01 2.993797607E+02
 3.323094177E+01 2.983284302E+02
 3.325522995E+01 2.981744995E+02
 3.326586151E+01 2.980906677E+02
 3.353065872E+01 2.960719604E+02
 3.353671265E+01 2.960032654E+02
 3.375683212E+01 2.938013000E+02
 3.377161026E+01 2.934672241E+02
 3.397289276E+01 2.891828308E+02
 3.403422165E+01 2.873428955E+02
 3.416916656E+01 2.833568115E+02
 3.426372147E+01 2.800370789E+02
 3.435659409E+01 2.767727966E+02
 3.447469711E+01 2.727864075E+02
 3.453971100E+01 2.705600891E+02
 3.467610168E+01 2.666169128E+02
 3.470601654E+01 2.657066956E+02
 3.481519699E+01 2.631658020E+02
 3.482932281E+01 2.628470764E+02
 3.483816910E+01 2.627167664E+02
 3.494237518E+01 2.611612549E+02
 3.499573517E+01 2.605823975E+02
 3.506942368E+01 2.603881836E+02
 3.518793869E+01 2.606705017E+02
 3.520141220E+01 2.606787720E+02
 3.520864105E+01 2.607113953E+02
 3.526126862E+01 2.614347534E+02
 3.534788895E+01 2.626260681E+02
 3.536191177E+01 2.626552124E+02
 3.548023224E+01 2.630253296E+02
 3.549826050E+01 2.630139160E+02
 3.560285950E+01 2.629994812E+02
 3.562257385E+01 2.616192017E+02
 3.571729279E+01 2.551727905E+02
 3.574249268E+01 2.524953613E+02
 3.582358170E+01 2.430560303E+02
 3.585637283E+01 2.266838531E+02
 3.591513443E+01 1.984689789E+02
