TITLE     = "VTK Data"
VARIABLES = "X"
"Velocity_X"
ZONE T="Slice: Y=16.724 (region 1)"
 STRANDID=414, SOLUTIONTIME=772
 I=201, J=1, K=1, ZONETYPE=Ordered
 DATAPACKING=POINT
 DT=(SINGLE SINGLE )
 3.705101013E+01 1.994355164E+02
 3.705110168E+01 1.914911804E+02
 3.705119705E+01 1.832047424E+02
 3.698728561E+01 1.752889099E+02
 3.695516968E+01 1.713152466E+02
 3.687090683E+01 1.717977448E+02
 3.684412766E+01 1.719568787E+02
 3.674921799E+01 1.702537384E+02
 3.672498322E+01 1.698001099E+02
 3.662388229E+01 1.722478943E+02
 3.659781265E+01 1.728871155E+02
 3.650225067E+01 1.748455353E+02
 3.646554947E+01 1.756312103E+02
 3.636842728E+01 1.789440308E+02
 3.631611252E+01 1.806509399E+02
 3.620985031E+01 1.839761200E+02
 3.616460037E+01 1.853941040E+02
 3.605792236E+01 1.890118561E+02
 3.602719498E+01 1.900915527E+02
 3.593623352E+01 1.933708954E+02
 3.584055710E+01 1.969415588E+02
 3.578090668E+01 1.991605530E+02
 3.566149521E+01 2.034674835E+02
 3.562487793E+01 2.048020325E+02
 3.560547638E+01 2.055042114E+02
 3.547219086E+01 2.102956696E+02
 3.534229660E+01 2.153791656E+02
 3.532162094E+01 2.161651154E+02
 3.525871277E+01 2.183879700E+02
 3.510435104E+01 2.238303986E+02
 3.506555557E+01 2.252322998E+02
 3.492756653E+01 2.299179077E+02
 3.482401657E+01 2.334174652E+02
 3.479492569E+01 2.343288116E+02
 3.461061096E+01 2.398223724E+02
 3.455599213E+01 2.409797821E+02
 3.441608047E+01 2.440753326E+02
 3.431484985E+01 2.463791656E+02
 3.425595474E+01 2.476401978E+02
 3.408633423E+01 2.506312714E+02
 3.393412781E+01 2.529415436E+02
 3.388334656E+01 2.538104401E+02
 3.379260635E+01 2.546392517E+02
 3.368407440E+01 2.556161804E+02
 3.364273071E+01 2.557511444E+02
 3.344453812E+01 2.568898315E+02
 3.343702316E+01 2.569015198E+02
 3.340141678E+01 2.569684448E+02
 3.324498749E+01 2.572881165E+02
 3.320880890E+01 2.573054199E+02
 3.305773926E+01 2.570705566E+02
 3.298129654E+01 2.569650879E+02
 3.290033722E+01 2.565346069E+02
 3.281073380E+01 2.559894257E+02
 3.271752548E+01 2.553735809E+02
 3.263577271E+01 2.549249268E+02
 3.252091980E+01 2.538010712E+02
 3.249838638E+01 2.535936432E+02
 3.248002625E+01 2.533590851E+02
 3.235161972E+01 2.519129333E+02
 3.228165054E+01 2.511844635E+02
 3.220334244E+01 2.502959747E+02
 3.216042328E+01 2.496578369E+02
 3.209027481E+01 2.485811310E+02
 3.205838776E+01 2.480762939E+02
 3.195366669E+01 2.460985413E+02
 3.193838692E+01 2.458384552E+02
 3.182435989E+01 2.435536346E+02
 3.179509354E+01 2.429678497E+02
 3.170154762E+01 2.407901764E+02
 3.165205956E+01 2.396181641E+02
 3.158543587E+01 2.377502289E+02
 3.152471733E+01 2.360303497E+02
 3.147570801E+01 2.343243866E+02
 3.141071701E+01 2.320512848E+02
 3.138377190E+01 2.309427948E+02
 3.133254433E+01 2.288237152E+02
 3.131498528E+01 2.280989685E+02
 3.130577469E+01 2.277177277E+02
 3.125312424E+01 2.248879242E+02
 3.121859169E+01 2.230257568E+02
 3.119560623E+01 2.212880249E+02
 3.114631462E+01 2.175377655E+02
 3.114292145E+01 2.171464386E+02
 3.113141251E+01 2.158156281E+02
 3.109680557E+01 2.118206940E+02
 3.108660126E+01 2.106424255E+02
 3.105578041E+01 2.049092102E+02
 3.103747368E+01 2.015046387E+02
 3.101946449E+01 1.959419556E+02
 3.099741554E+01 1.891382294E+02
 3.098788452E+01 1.842227478E+02
 3.096521187E+01 1.725485992E+02
 3.096101379E+01 1.689869843E+02
 3.093996429E+01 1.511637268E+02
 3.093882370E+01 1.496243286E+02
 3.092591476E+01 1.322478943E+02
 3.092148590E+01 1.262836380E+02
 3.092109299E+01 1.257567291E+02
 3.092078400E+01 1.251529617E+02
 3.090827560E+01 1.005693817E+02
 3.090768814E+01 9.916588593E+01
 3.090120125E+01 8.360078430E+01
 3.090096664E+01 8.336370087E+01
 3.089907455E+01 8.138428497E+01
 3.090015411E+01 9.131281281E+01
 3.090027809E+01 9.246552277E+01
 3.090479851E+01 1.136460266E+02
 3.090515709E+01 1.153243027E+02
 3.091496277E+01 1.484921417E+02
 3.091510201E+01 1.489641571E+02
 3.091748428E+01 1.546263885E+02
 3.093112755E+01 1.870594330E+02
 3.093309593E+01 1.901391449E+02
 3.095396042E+01 2.227510223E+02
 3.096115112E+01 2.297140961E+02
 3.098429108E+01 2.521064911E+02
 3.100178909E+01 2.618338318E+02
 3.102299500E+01 2.736228027E+02
 3.105932999E+01 2.839222107E+02
 3.107122421E+01 2.872975769E+02
 3.110674286E+01 2.915273438E+02
 3.113045883E+01 2.943542175E+02
 3.114465714E+01 2.948031006E+02
 3.120250893E+01 2.966361694E+02
 3.128152657E+01 2.961940918E+02
 3.128974915E+01 2.961471863E+02
 3.129976845E+01 2.960440979E+02
 3.139499474E+01 2.951116333E+02
 3.144828224E+01 2.947466736E+02
 3.150924301E+01 2.943707581E+02
 3.155568123E+01 2.941494751E+02
 3.163693810E+01 2.936894836E+02
 3.166695404E+01 2.935495911E+02
 3.178441811E+01 2.931794739E+02
 3.179104996E+01 2.931763611E+02
 3.180005646E+01 2.931727295E+02
 3.190800667E+01 2.931318665E+02
 3.200189972E+01 2.930948486E+02
 3.201279831E+01 2.930938721E+02
 3.202185059E+01 2.931049194E+02
 3.212129593E+01 2.932090759E+02
 3.219244766E+01 2.933058777E+02
 3.224112701E+01 2.934672241E+02
 3.232102203E+01 2.937815552E+02
 3.238636780E+01 2.939821472E+02
 3.242736435E+01 2.942120972E+02
 3.256127167E+01 2.952886047E+02
 3.263460922E+01 2.959932251E+02
 3.273881149E+01 2.970986023E+02
 3.283567047E+01 2.982833557E+02
 3.288031769E+01 2.987466125E+02
 3.298458099E+01 2.994835815E+02
 3.307795715E+01 3.000465393E+02
 3.320787430E+01 3.009502563E+02
 3.328759003E+01 3.015194092E+02
 3.342809296E+01 3.027483215E+02
 3.349949265E+01 3.030261536E+02
 3.363766861E+01 3.035998230E+02
 3.373051071E+01 3.035835876E+02
 3.384786987E+01 3.035447693E+02
 3.398896790E+01 3.036132202E+02
 3.406621933E+01 3.037128601E+02
 3.424030685E+01 3.039606018E+02
 3.428120422E+01 3.040333252E+02
 3.449143982E+01 3.045257568E+02
 3.449742508E+01 3.045444946E+02
 3.455207443E+01 3.048152771E+02
 3.468313599E+01 3.054543457E+02
 3.469672012E+01 3.053337097E+02
 3.485280228E+01 3.035835266E+02
 3.495530701E+01 3.012092590E+02
 3.509958267E+01 2.981231689E+02
 3.518623734E+01 2.951813354E+02
 3.530159378E+01 2.912778320E+02
 3.537562943E+01 2.882612915E+02
 3.546492004E+01 2.846124573E+02
 3.560729218E+01 2.790634460E+02
 3.565478897E+01 2.771575928E+02
 3.581977463E+01 2.717974548E+02
 3.584903717E+01 2.708379211E+02
 3.589775467E+01 2.695027771E+02
 3.599278641E+01 2.670465698E+02
 3.609329605E+01 2.646908569E+02
 3.611502075E+01 2.643942566E+02
 3.617166138E+01 2.637882080E+02
 3.622990799E+01 2.631820374E+02
 3.631535339E+01 2.629073792E+02
 3.635036087E+01 2.628366089E+02
 3.635894394E+01 2.629823303E+02
 3.647982407E+01 2.648644104E+02
 3.651345825E+01 2.651207886E+02
 3.660868454E+01 2.659337463E+02
 3.664746094E+01 2.664118652E+02
 3.673653793E+01 2.675487976E+02
 3.677406693E+01 2.651130066E+02
 3.685196304E+01 2.600721436E+02
 3.689393616E+01 2.553314362E+02
 3.695908356E+01 2.479184265E+02
 3.700710297E+01 2.226131439E+02
 3.705101013E+01 1.994355164E+02
