TITLE     = "VTK Data"
VARIABLES = "X"
"Velocity_X"
ZONE T="Slice: Y=30.525 (region 1)"
 STRANDID=499, SOLUTIONTIME=772
 I=222, J=1, K=1, ZONETYPE=Ordered
 DATAPACKING=POINT
 DT=(SINGLE SINGLE )
 4.348611832E+01 1.980015869E+02
 4.348635101E+01 1.944694366E+02
 4.348682785E+01 1.928161316E+02
 4.344249725E+01 1.931226959E+02
 4.342797089E+01 1.941161041E+02
 4.337022400E+01 1.894441376E+02
 4.336862183E+01 1.892768250E+02
 4.336449051E+01 1.891970673E+02
 4.331078339E+01 1.883413086E+02
 4.328174591E+01 1.889246368E+02
 4.325313950E+01 1.893794861E+02
 4.322110748E+01 1.899998169E+02
 4.319692230E+01 1.905218201E+02
 4.317000580E+01 1.915209045E+02
 4.314104843E+01 1.925855103E+02
 4.312134171E+01 1.933027496E+02
 4.308355713E+01 1.947859039E+02
 4.303179932E+01 1.970565948E+02
 4.302559280E+01 1.973474121E+02
 4.300967407E+01 1.981092529E+02
 4.296627426E+01 2.001580353E+02
 4.294982147E+01 2.009576569E+02
 4.290523529E+01 2.030807037E+02
 4.285644913E+01 2.055696564E+02
 4.284950638E+01 2.059328918E+02
 4.284246826E+01 2.063195343E+02
 4.278803635E+01 2.092505341E+02
 4.273623276E+01 2.121194000E+02
 4.272212601E+01 2.128994141E+02
 4.270629501E+01 2.137688904E+02
 4.265302658E+01 2.167539520E+02
 4.259749603E+01 2.198954315E+02
 4.258270645E+01 2.207383270E+02
 4.256856918E+01 2.215147858E+02
 4.250858688E+01 2.248321381E+02
 4.245506287E+01 2.276803284E+02
 4.241835785E+01 2.296296539E+02
 4.237767792E+01 2.316712494E+02
 4.232247925E+01 2.345296936E+02
 4.226514053E+01 2.373723450E+02
 4.223302078E+01 2.389137115E+02
 4.220463943E+01 2.401643219E+02
 4.214427567E+01 2.428245697E+02
 4.207125092E+01 2.459022827E+02
 4.204764175E+01 2.468597260E+02
 4.203340530E+01 2.473495789E+02
 4.195477295E+01 2.503742218E+02
 4.192528534E+01 2.511301575E+02
 4.187210464E+01 2.524418945E+02
 4.183795929E+01 2.533013000E+02
 4.175514603E+01 2.549331512E+02
 4.172020721E+01 2.556378174E+02
 4.162497330E+01 2.571672668E+02
 4.159882736E+01 2.576188354E+02
 4.156467056E+01 2.580059204E+02
 4.151114655E+01 2.584771118E+02
 4.143760300E+01 2.582145081E+02
 4.143165970E+01 2.581770020E+02
 4.142811966E+01 2.581570129E+02
 4.137274170E+01 2.578302307E+02
 4.133092499E+01 2.575931702E+02
 4.132767487E+01 2.575655212E+02
 4.124232864E+01 2.567915039E+02
 4.121218109E+01 2.566029663E+02
 4.117036438E+01 2.561636353E+02
 4.110745621E+01 2.548037415E+02
 4.110451126E+01 2.547270508E+02
 4.110299301E+01 2.546942902E+02
 4.108768463E+01 2.543704224E+02
 4.102389145E+01 2.530056763E+02
 4.101611710E+01 2.528527985E+02
 4.096390915E+01 2.517867737E+02
 4.096114731E+01 2.517126465E+02
 4.092193604E+01 2.504106598E+02
 4.088749695E+01 2.494443817E+02
 4.087982178E+01 2.492234955E+02
 4.083921814E+01 2.478227234E+02
 4.082738113E+01 2.474452057E+02
 4.078488159E+01 2.459385223E+02
 4.076898956E+01 2.453684540E+02
 4.073235703E+01 2.439314575E+02
 4.071255493E+01 2.431611938E+02
 4.068064499E+01 2.418157959E+02
 4.065848160E+01 2.408924561E+02
 4.063105774E+01 2.394584198E+02
 4.060957336E+01 2.383462067E+02
 4.056777573E+01 2.356752777E+02
 4.056349564E+01 2.353999939E+02
 4.055938721E+01 2.350200348E+02
 4.052492142E+01 2.318522949E+02
 4.051023483E+01 2.296112976E+02
 4.049277115E+01 2.270234222E+02
 4.048723602E+01 2.255609589E+02
 4.046780014E+01 2.205706482E+02
 4.046650314E+01 2.202356110E+02
 4.046612549E+01 2.201408997E+02
 4.044869232E+01 2.122284241E+02
 4.044418335E+01 2.102337646E+02
 4.043296814E+01 2.014303589E+02
 4.042633438E+01 1.963475342E+02
 4.041937256E+01 1.872193146E+02
 4.041206360E+01 1.778463898E+02
 4.040793228E+01 1.690625000E+02
 4.040097427E+01 1.545503235E+02
 4.039866257E+01 1.469925995E+02
 4.039279175E+01 1.280821381E+02
 4.038834763E+01 1.073594437E+02
 4.038729477E+01 1.023989334E+02
 4.038473892E+01 8.764762878E+01
 4.038422775E+01 8.467375946E+01
 4.038333130E+01 8.111100006E+01
 4.038315582E+01 8.041522217E+01
 4.038325882E+01 8.260459137E+01
 4.038376236E+01 9.317772675E+01
 4.038433456E+01 9.900998688E+01
 4.038666534E+01 1.225305939E+02
 4.038811493E+01 1.322001190E+02
 4.039229202E+01 1.598990936E+02
 4.039530563E+01 1.721861725E+02
 4.040073013E+01 1.941416779E+02
 4.040644073E+01 2.074819336E+02
 4.041207886E+01 2.205707703E+02
 4.042228699E+01 2.335621338E+02
 4.042655945E+01 2.389628143E+02
 4.044414520E+01 2.507597656E+02
 4.044454193E+01 2.510240479E+02
 4.044593430E+01 2.515143890E+02
 4.046653366E+01 2.587917175E+02
 4.047643661E+01 2.607066345E+02
 4.049316025E+01 2.639098206E+02
 4.052336884E+01 2.672816162E+02
 4.052522278E+01 2.674864807E+02
 4.052814102E+01 2.676902466E+02
 4.056365967E+01 2.701838379E+02
 4.060791016E+01 2.725751648E+02
 4.060953903E+01 2.726620178E+02
 4.061027527E+01 2.726961060E+02
 4.062472534E+01 2.733748474E+02
 4.065657043E+01 2.748684998E+02
 4.065816498E+01 2.749445801E+02
 4.070542526E+01 2.767089233E+02
 4.071180725E+01 2.769501648E+02
 4.075569916E+01 2.783606873E+02
 4.076770782E+01 2.787503967E+02
 4.080556870E+01 2.798920288E+02
 4.082621002E+01 2.805576782E+02
 4.085466003E+01 2.814962158E+02
 4.089553452E+01 2.825609741E+02
 4.090255356E+01 2.827087097E+02
 4.090797806E+01 2.828611755E+02
 4.095029068E+01 2.841321716E+02
 4.096463394E+01 2.844913025E+02
 4.099536514E+01 2.851744690E+02
 4.103901672E+01 2.860143433E+02
 4.105822372E+01 2.863446350E+02
 4.108565903E+01 2.869996643E+02
 4.111987305E+01 2.877976685E+02
 4.114109802E+01 2.883658752E+02
 4.118540192E+01 2.896466675E+02
 4.122250366E+01 2.906958923E+02
 4.124605942E+01 2.913150330E+02
 4.129745865E+01 2.923395996E+02
 4.133386993E+01 2.931915588E+02
 4.138800812E+01 2.947063599E+02
 4.141057968E+01 2.953777161E+02
 4.148073196E+01 2.971988220E+02
 4.148386765E+01 2.972713623E+02
 4.149226379E+01 2.974228210E+02
 4.157184982E+01 2.988188171E+02
 4.159980011E+01 2.993164673E+02
 4.167049408E+01 3.008606873E+02
 4.169348526E+01 3.013639832E+02
 4.174106598E+01 3.018722229E+02
 4.178388214E+01 3.013578186E+02
 4.186306000E+01 3.004073486E+02
 4.189067078E+01 2.995806885E+02
 4.196432114E+01 2.980173035E+02
 4.197752762E+01 2.975283203E+02
 4.204163361E+01 2.950510864E+02
 4.211156464E+01 2.924042664E+02
 4.213919830E+01 2.913978882E+02
 4.223498154E+01 2.887669067E+02
 4.223834229E+01 2.886876526E+02
 4.225861740E+01 2.883655701E+02
 4.232546997E+01 2.872864685E+02
 4.234007263E+01 2.868436890E+02
 4.239976883E+01 2.848488770E+02
 4.246790314E+01 2.822826843E+02
 4.248627090E+01 2.815411682E+02
 4.250352859E+01 2.808256226E+02
 4.255635452E+01 2.787174683E+02
 4.260335922E+01 2.762613525E+02
 4.262113571E+01 2.753301392E+02
 4.265106964E+01 2.737724609E+02
 4.269215393E+01 2.716213684E+02
 4.271958160E+01 2.703329468E+02
 4.276109314E+01 2.683644104E+02
 4.281079865E+01 2.658901978E+02
 4.283318329E+01 2.648101196E+02
 4.284607697E+01 2.641789246E+02
 4.288768768E+01 2.622006531E+02
 4.291085815E+01 2.610972290E+02
 4.292865753E+01 2.602795105E+02
 4.296569443E+01 2.585478516E+02
 4.299308014E+01 2.573880615E+02
 4.303223038E+01 2.558146820E+02
 4.307169342E+01 2.546183472E+02
 4.309531784E+01 2.538542023E+02
 4.312313843E+01 2.531453247E+02
 4.314586258E+01 2.526061096E+02
 4.316637421E+01 2.524414978E+02
 4.319568253E+01 2.522476959E+02
 4.322262573E+01 2.516256409E+02
 4.325317764E+01 2.509195709E+02
 4.327682495E+01 2.509639435E+02
 4.331224442E+01 2.510729980E+02
 4.336254120E+01 2.476293640E+02
 4.336876297E+01 2.472337494E+02
 4.339053345E+01 2.465110321E+02
 4.342852020E+01 2.450731812E+02
 4.343672943E+01 2.385052185E+02
 4.348611832E+01 1.980015869E+02
