TITLE     = "VTK Data"
VARIABLES = "X"
"Velocity_X"
ZONE T="Slice: Y=6.819 (region 1)"
 STRANDID=353, SOLUTIONTIME=772
 I=196, J=1, K=1, ZONETYPE=Ordered
 DATAPACKING=POINT
 DT=(SINGLE SINGLE )
 3.393488693E+01 1.936087036E+02
 3.393466568E+01 1.898752899E+02
 3.393426132E+01 1.868275146E+02
 3.378482819E+01 1.876142731E+02
 3.376535797E+01 1.876735535E+02
 3.375304413E+01 1.877532806E+02
 3.357554245E+01 1.890543671E+02
 3.345723343E+01 1.887842560E+02
 3.337312698E+01 1.885532532E+02
 3.318531799E+01 1.922653809E+02
 3.316752243E+01 1.926251373E+02
 3.294151306E+01 1.965234222E+02
 3.293922806E+01 1.965627594E+02
 3.293906784E+01 1.965662842E+02
 3.269519043E+01 2.019010315E+02
 3.267372513E+01 2.023536377E+02
 3.243264771E+01 2.074479828E+02
 3.231496429E+01 2.098985596E+02
 3.215467834E+01 2.131776276E+02
 3.197695541E+01 2.168154144E+02
 3.191624832E+01 2.180628204E+02
 3.166983604E+01 2.232397156E+02
 3.161930656E+01 2.243659821E+02
 3.131127739E+01 2.309492798E+02
 3.126626205E+01 2.319297485E+02
 3.121343422E+01 2.330895844E+02
 3.095069122E+01 2.386436920E+02
 3.084117317E+01 2.409494476E+02
 3.060214615E+01 2.456575317E+02
 3.056725121E+01 2.463517456E+02
 3.052894020E+01 2.469819794E+02
 3.028949356E+01 2.510646362E+02
 3.019600677E+01 2.524624634E+02
 2.994168091E+01 2.563625183E+02
 2.990244293E+01 2.569737244E+02
 2.987479591E+01 2.573193359E+02
 2.966562843E+01 2.599922485E+02
 2.950962830E+01 2.613304749E+02
 2.944114685E+01 2.619658813E+02
 2.926941490E+01 2.633194580E+02
 2.923082542E+01 2.636110229E+02
 2.921384621E+01 2.637366333E+02
 2.902526093E+01 2.650298462E+02
 2.896192741E+01 2.654810486E+02
 2.881497192E+01 2.657474365E+02
 2.878821564E+01 2.657056885E+02
 2.876926804E+01 2.656962585E+02
 2.850998306E+01 2.663487244E+02
 2.849626160E+01 2.663712463E+02
 2.826573563E+01 2.669608154E+02
 2.822628021E+01 2.670413208E+02
 2.803393936E+01 2.673914795E+02
 2.798879623E+01 2.673789062E+02
 2.790611458E+01 2.677039490E+02
 2.775419426E+01 2.684597473E+02
 2.766092682E+01 2.690468140E+02
 2.755097771E+01 2.696627502E+02
 2.743669128E+01 2.703582764E+02
 2.725483322E+01 2.717654724E+02
 2.725166893E+01 2.717938538E+02
 2.704423332E+01 2.741780396E+02
 2.697732925E+01 2.751699524E+02
 2.680323792E+01 2.775724487E+02
 2.675950050E+01 2.781837158E+02
 2.673969078E+01 2.783281860E+02
 2.655889893E+01 2.795080261E+02
 2.646972466E+01 2.797074585E+02
 2.629809189E+01 2.800138245E+02
 2.614087677E+01 2.794351807E+02
 2.605116463E+01 2.787013550E+02
 2.587242889E+01 2.754961548E+02
 2.581501579E+01 2.743127747E+02
 2.564582443E+01 2.696143494E+02
 2.558833885E+01 2.678306885E+02
 2.543044090E+01 2.621130981E+02
 2.537234116E+01 2.599589844E+02
 2.521728516E+01 2.535453033E+02
 2.516378975E+01 2.513844757E+02
 2.501457405E+01 2.438057556E+02
 2.497542763E+01 2.418194580E+02
 2.490754318E+01 2.378787231E+02
 2.479960632E+01 2.315671539E+02
 2.468789101E+01 2.236655579E+02
 2.465123940E+01 2.210816040E+02
 2.463182640E+01 2.194150391E+02
 2.452672195E+01 2.103327637E+02
 2.446181297E+01 2.032038116E+02
 2.442260170E+01 1.988279572E+02
 2.434040070E+01 1.866244659E+02
 2.433623123E+01 1.859942474E+02
 2.432236862E+01 1.830782013E+02
 2.426532364E+01 1.711252899E+02
 2.425483131E+01 1.680583954E+02
 2.420798683E+01 1.539660034E+02
 2.419212341E+01 1.472373505E+02
 2.416284180E+01 1.335071869E+02
 2.414689636E+01 1.238082886E+02
 2.412904167E+01 1.122412491E+02
 2.411643028E+01 1.021111069E+02
 2.410620499E+01 9.467602539E+01
 2.409892082E+01 8.983548737E+01
 2.409402084E+01 8.647239685E+01
 2.409230614E+01 9.140361023E+01
 2.409122086E+01 9.447164917E+01
 2.409273720E+01 1.026532974E+02
 2.409518814E+01 1.156038361E+02
 2.409988594E+01 1.286984863E+02
 2.410684204E+01 1.476691895E+02
 2.411658287E+01 1.661433105E+02
 2.412852859E+01 1.882411041E+02
 2.414610291E+01 2.105469513E+02
 2.416171074E+01 2.298063812E+02
 2.419153214E+01 2.539958649E+02
 2.420736885E+01 2.664580383E+02
 2.425648117E+01 2.909392700E+02
 2.426652145E+01 2.957715454E+02
 2.431836128E+01 3.106871033E+02
 2.434053040E+01 3.171082458E+02
 2.434769821E+01 3.182623291E+02
 2.443124390E+01 3.311425476E+02
 2.447908211E+01 3.350820312E+02
 2.454076576E+01 3.399344177E+02
 2.466561127E+01 3.450588684E+02
 2.467163277E+01 3.452945557E+02
 2.468204689E+01 3.454815063E+02
 2.482711792E+01 3.480604553E+02
 2.498159981E+01 3.488935242E+02
 2.501042175E+01 3.490231934E+02
 2.502577972E+01 3.489789429E+02
 2.520562553E+01 3.484640503E+02
 2.522890663E+01 3.481542969E+02
 2.542051506E+01 3.456102905E+02
 2.544497299E+01 3.452538757E+02
 2.564568520E+01 3.419209900E+02
 2.566463470E+01 3.417813721E+02
 2.583517456E+01 3.405882568E+02
 2.583845901E+01 3.405956116E+02
 2.598694229E+01 3.409558105E+02
 2.615650558E+01 3.391674500E+02
 2.618158150E+01 3.390829163E+02
 2.620462799E+01 3.376825256E+02
 2.637183571E+01 3.228791199E+02
 2.655062294E+01 2.983868103E+02
 2.661162567E+01 2.901734619E+02
 2.665370560E+01 2.844744568E+02
 2.687479210E+01 2.697443542E+02
 2.693145752E+01 2.678144836E+02
 2.716226578E+01 2.713395691E+02
 2.719966888E+01 2.722160950E+02
 2.732415009E+01 2.765661011E+02
 2.747300148E+01 2.815530396E+02
 2.752030563E+01 2.827091064E+02
 2.774766159E+01 2.886743774E+02
 2.790930939E+01 2.902236328E+02
 2.802792931E+01 2.914024048E+02
 2.832063103E+01 2.897928467E+02
 2.835555458E+01 2.896447449E+02
 2.846578598E+01 2.881918640E+02
 2.869569969E+01 2.852451782E+02
 2.878424644E+01 2.841723938E+02
 2.904369164E+01 2.807934570E+02
 2.921634102E+01 2.787456970E+02
 2.936726189E+01 2.775375366E+02
 2.954937363E+01 2.764269714E+02
 2.974326897E+01 2.755228882E+02
 2.995758629E+01 2.745278625E+02
 3.009394073E+01 2.738368835E+02
 3.043901825E+01 2.714474182E+02
 3.043996811E+01 2.714394531E+02
 3.044156265E+01 2.714230957E+02
 3.076719666E+01 2.681649780E+02
 3.093901062E+01 2.661651917E+02
 3.100057983E+01 2.652998657E+02
 3.113239861E+01 2.631111145E+02
 3.137973213E+01 2.585198059E+02
 3.142058754E+01 2.577640381E+02
 3.146014214E+01 2.570636292E+02
 3.176206207E+01 2.516322937E+02
 3.196060181E+01 2.481216278E+02
 3.205161667E+01 2.465338135E+02
 3.217558670E+01 2.445877380E+02
 3.235352325E+01 2.418920135E+02
 3.246601105E+01 2.403517761E+02
 3.261914062E+01 2.382433929E+02
 3.277325439E+01 2.364258881E+02
 3.289889908E+01 2.350855408E+02
 3.305082703E+01 2.331629028E+02
 3.311454010E+01 2.323090515E+02
 3.322501755E+01 2.309550781E+02
 3.333966446E+01 2.295518036E+02
 3.340468216E+01 2.277720337E+02
 3.354739380E+01 2.240312958E+02
 3.373030853E+01 2.200988770E+02
 3.375032425E+01 2.195738831E+02
 3.378078079E+01 2.150416565E+02
 3.393488693E+01 1.936087036E+02
